0,0
1,0
4,0
7,0
10,0
13,0
16,0
19,0
22,0
25,0
28,0
31,0
34,0
37,0
40,0
43,0
46,0
49,0
52,0
55,0
58,0
61,0
64,0
67,0
70,0
73,0
76,0
79,0
82,0
85,0
88,0
91,0
94,0
97,0
100,0
103,0
106,0
109,0
112,0
115,0
118,0
121,0
124,0
127,2
127,5
130,5
133,5
135,4
136,1
139,1
142,1
145,2
148,1
151,2
154,4
157,2
159,0
160,3
158,6
159,9
162,10
162,7
162,4
164,2
167,1
170,1
173,2
176,0
179,0
182,0
185,0
188,0
191,0
194,0
197,0
200,0
203,0
206,0
209,0
212,0
215,0
218,0
221,0
224,0
227,0
230,0
233,0
236,0
239,0
242,0
245,0
248,0
251,0
254,0
257,0
260,0
263,0
266,0
269,0
272,0
275,0
278,0
281,0
284,0
287,0
290,0
293,0
296,0
299,0
302,0
305,0
308,0
311,0
314,0
317,0
320,0
323,0
326,0
329,0
332,0
335,0
338,0
341,0
344,0
347,0
350,0
353,0
356,3
359,6
362,6
365,5
368,4
371,4
371,7
372,10
372,13
373,16
373,19
373,22
376,23
379,23
382,26
384,27
387,25
390,26
390,29
387,31
388,34
385,37
384,40
386,41
389,40
392,38
393,40
392,43
392,46
395,45
397,44
397,41
400,40
403,39
406,38
407,40
407,43
408,45
410,48
409,51
411,53
413,56
415,58
418,60
421,60
423,63
422,66
424,67
427,67
430,69
432,71
432,74
434,76
435,79
437,82
stop
0,43
1,44
3,45
1,48
3,49
0,51
0,54
0,57
0,60
0,63
0,66
0,69
0,72
0,75
0,78
0,81
0,84
0,87
0,90
0,93
0,96
0,99
0,102
0,105
0,108
1,111
0,114
0,117
0,120
1,123
2,125
0,127
0,130
0,133
0,136
0,139
0,142
0,145
1,148
2,151
0,152
0,155
0,158
0,161
0,164
2,167
4,170
4,173
3,175
0,175
0,172
0,169
0,166
stop
0,45
1,46
0,49
stop
0,178
1,177
4,177
5,180
8,180
10,177
11,175
12,172
stop
0,184
1,185
4,185
7,187
10,186
13,188
16,188
19,187
22,186
25,186
28,186
31,185
32,182
33,179
36,179
39,178
42,178
43,175
44,172
45,169
47,166
49,164
52,163
55,162
58,164
57,164
stop
0,203
1,202
3,200
6,198
9,197
stop
0,204
1,205
4,204
5,202
7,200
10,200
13,200
16,200
19,199
22,199
25,199
28,198
31,200
34,201
37,199
40,198
39,199
40,201
43,201
46,200
49,199
51,201
53,203
55,203
56,205
58,202
58,199
61,197
64,197
67,196
66,199
68,201
71,199
74,196
76,195
79,196
78,199
75,199
72,200
69,198
stop
0,224
1,223
4,222
7,222
10,221
13,220
16,220
19,220
22,218
25,217
28,215
31,215
34,214
37,214
40,213
43,213
46,213
49,212
52,212
55,211
58,210
61,209
64,209
67,209
70,208
73,205
76,203
78,201
stop
0,225
0,224
3,225
6,225
9,228
11,229
14,229
17,229
20,228
23,230
26,232
29,234
30,234
stop
0,229
1,228
4,228
7,228
6,230
3,230
0,230
stop
0,242
0,243
0,246
3,247
6,249
9,250
12,251
stop
0,251
1,250
4,249
7,251
10,253
9,252
6,253
4,254
2,256
stop
0,252
1,251
4,253
stop
0,258
0,259
0,262
0,265
0,268
3,268
stop
0,285
1,284
4,283
7,282
10,281
12,283
15,284
18,282
20,283
23,280
22,282
20,285
19,287
stop
1,237
2,236
5,236
8,237
11,237
14,235
17,233
20,232
23,231
26,230
29,230
stop
1,273
2,273
5,271
8,270
11,271
9,273
11,275
stop
1,281
2,280
5,278
8,277
9,275
stop
2,43
3,42
6,41
9,41
12,40
13,37
13,34
16,32
18,30
20,27
22,24
25,23
24,20
27,19
30,17
31,14
34,17
36,15
34,13
34,10
37,11
40,11
40,8
42,5
45,2
stop
2,110
3,109
4,106
7,106
10,103
11,100
13,97
11,95
14,93
17,92
19,89
22,87
25,88
28,87
31,85
31,82
34,81
35,78
36,75
39,75
42,73
43,70
44,67
47,65
46,62
45,59
48,57
49,54
52,53
55,51
58,51
59,48
61,46
64,47
66,45
66,42
67,39
69,36
68,33
68,30
71,28
74,29
77,29
78,26
80,23
83,24
86,23
84,20
82,17
85,15
88,15
91,14
91,11
92,8
95,8
97,11
99,14
100,17
103,18
105,16
105,13
108,13
111,13
113,11
113,8
115,7
118,9
121,7
124,8
125,5
125,2
stop
2,246
3,245
6,244
9,244
12,243
13,244
stop
2,263
3,262
6,262
stop
4,274
5,273
8,273
stop
5,172
6,172
9,175
stop
5,196
6,195
9,194
12,192
15,193
16,196
19,196
22,196
25,195
28,195
31,196
34,195
37,194
40,192
43,189
46,190
49,188
52,188
55,188
58,186
61,183
61,180
61,177
61,174
stop
5,206
6,205
9,205
6,207
stop
6,257
7,258
10,257
stop
7,249
8,248
8,245
stop
7,264
8,264
11,264
13,262
15,264
13,264
stop
9,227
10,227
13,226
16,226
19,225
22,224
25,225
stop
10,179
11,179
14,177
17,178
18,179
21,182
24,183
27,183
30,183
stop
10,181
11,182
14,184
17,186
19,183
stop
11,227
12,227
15,227
18,227
stop
11,250
12,249
15,249
stop
11,279
12,278
15,281
17,282
stop
12,179
13,180
16,182
19,181
stop
12,279
13,280
16,279
19,278
21,276
stop
13,173
14,174
17,175
20,176
23,176
26,176
29,176
32,177
35,177
stop
17,204
18,203
21,203
22,200
stop
17,205
18,206
21,206
stop
17,263
18,262
21,260
24,259
27,258
30,258
32,258
stop
17,264
18,263
21,262
24,261
27,259
stop
21,234
22,233
25,233
27,231
stop
22,179
23,178
25,180
28,181
31,180
stop
23,221
24,221
27,222
29,221
stop
24,287
25,287
28,286
stop
25,203
26,202
29,201
30,203
27,204
stop
25,218
26,218
29,218
stop
26,107
27,108
30,111
32,114
35,117
38,118
41,119
43,122
46,124
49,124
52,123
53,120
56,122
59,123
62,125
65,125
68,125
71,127
74,128
77,127
79,126
76,123
73,124
75,127
stop
26,110
27,111
30,112
stop
26,237
27,236
28,236
29,238
32,237
33,237
stop
27,102
28,103
29,106
32,108
35,110
38,110
41,112
44,110
47,108
50,109
53,111
55,114
55,116
53,114
stop
27,105
28,106
31,106
stop
28,255
29,255
32,255
stop
29,97
30,98
33,99
36,101
39,101
42,101
45,100
46,103
44,105
47,106
50,106
53,106
56,106
59,106
62,105
65,108
68,109
71,112
stop
29,98
30,97
33,97
36,98
39,96
40,98
38,99
stop
29,100
30,101
33,104
stop
31,100
32,101
35,101
stop
31,221
32,220
35,219
38,218
41,219
42,217
stop
31,223
32,224
35,224
38,223
41,222
40,219
37,219
stop
31,230
32,231
35,232
38,233
stop
32,116
32,117
34,120
34,123
37,125
39,127
42,127
45,127
43,124
41,123
stop
32,287
33,287
36,287
39,285
42,283
45,282
stop
33,108
34,107
37,108
40,105
43,106
45,108
stop
33,113
34,113
37,112
40,114
43,115
45,118
48,120
45,120
stop
33,128
34,129
36,132
39,134
42,137
45,138
48,140
51,140
54,142
57,143
60,141
62,144
61,146
61,143
64,142
66,145
69,146
72,146
74,145
77,147
80,147
83,148
86,151
89,153
92,153
95,154
97,153
99,155
102,154
102,151
105,150
108,150
111,150
113,153
115,152
stop
33,185
34,184
35,184
stop
33,226
34,226
37,227
38,230
41,232
42,234
45,234
48,234
51,234
54,235
57,235
60,237
59,239
stop
33,245
34,245
36,247
36,250
39,252
42,251
45,252
48,251
50,253
stop
34,134
35,134
38,136
38,138
stop
34,230
35,229
37,231
stop
36,95
37,94
40,93
43,92
46,92
49,89
50,86
50,85
stop
36,187
37,188
38,187
39,184
42,182
45,181
46,178
48,175
49,177
50,180
51,183
54,185
56,186
stop
36,245
37,244
40,244
43,243
45,244
46,247
49,247
52,247
53,250
stop
37,120
38,119
39,122
stop
37,128
38,128
41,130
44,131
47,133
50,135
53,136
56,138
59,138
62,140
65,138
65,135
68,138
71,135
74,134
77,133
80,133
83,134
86,134
89,137
92,139
95,137
98,137
101,140
104,138
107,136
109,133
108,130
106,131
106,134
104,136
102,133
105,131
107,128
109,127
112,127
115,126
115,123
stop
37,195
38,195
41,196
stop
37,226
38,225
41,225
44,226
46,225
49,224
52,224
55,224
58,224
61,223
64,224
67,224
70,223
73,221
74,219
77,218
80,220
83,219
86,218
86,216
83,216
81,214
84,214
87,213
90,213
92,216
89,215
stop
38,109
39,108
42,108
stop
39,180
40,181
43,178
45,175
stop
40,94
41,93
44,95
47,96
50,99
53,99
stop
40,193
41,194
44,194
44,192
43,192
stop
41,137
42,136
45,135
48,135
stop
41,139
42,140
44,143
47,145
50,146
53,148
56,148
59,149
62,150
65,151
67,153
67,155
67,158
70,161
69,162
66,164
64,166
67,167
70,168
67,170
68,172
71,172
74,172
stop
41,184
42,183
45,184
47,181
49,182
51,185
stop
41,229
42,228
45,229
45,226
stop
42,285
43,286
44,286
stop
43,90
44,89
47,88
stop
43,222
44,222
47,221
50,222
stop
45,116
46,115
49,114
51,112
stop
45,131
46,130
49,131
50,134
stop
46,95
47,94
48,95
stop
46,100
47,100
50,101
53,102
56,103
55,104
stop
46,185
47,186
49,184
stop
47,143
48,142
51,142
54,143
51,143
stop
47,192
48,191
51,193
54,193
stop
47,242
48,242
51,244
54,243
53,243
stop
48,91
49,91
52,89
53,86
stop
48,127
49,126
52,128
55,130
58,130
61,133
63,135
66,134
stop
48,171
49,170
52,167
52,164
51,167
stop
49,137
50,138
53,138
55,141
stop
49,169
50,170
52,173
stop
49,287
50,287
53,287
56,285
58,287
61,287
64,287
67,287
70,287
73,287
76,287
79,287
82,287
85,287
88,287
91,287
94,287
97,287
100,287
103,287
106,287
109,285
111,287
114,287
117,287
120,287
123,287
stop
50,117
51,118
54,119
57,119
60,117
63,118
66,118
69,119
72,119
73,122
stop
50,128
51,129
52,132
55,135
58,137
stop
51,207
52,208
55,206
stop
52,91
53,91
56,89
58,86
61,84
64,82
66,80
69,77
stop
52,169
53,169
55,166
stop
52,176
52,177
54,180
56,180
stop
52,178
52,179
55,180
stop
53,110
54,111
56,113
stop
53,130
53,131
56,133
59,134
stop
53,198
54,199
57,199
stop
53,246
54,247
57,248
60,247
59,245
56,246
stop
54,91
55,91
58,88
stop
54,172
55,173
57,175
60,176
stop
55,84
56,84
59,83
62,80
stop
55,94
56,94
56,97
57,100
60,100
63,101
stop
55,125
56,126
59,128
62,128
65,127
68,129
71,129
74,129
stop
55,219
56,220
57,222
stop
56,91
57,91
60,89
62,86
65,84
68,83
70,82
stop
56,195
57,194
60,194
63,193
64,190
65,188
68,188
71,188
74,188
77,188
79,185
79,182
79,179
78,176
79,173
79,170
78,167
79,164
79,161
79,158
79,155
80,152
79,150
77,148
stop
58,166
59,167
58,169
59,172
58,174
stop
58,233
59,232
62,231
65,228
67,225
stop
59,95
60,96
63,98
stop
59,96
60,95
63,94
66,92
69,89
72,88
75,86
76,84
stop
59,110
60,109
63,108
64,110
66,113
69,113
68,110
stop
59,127
60,126
63,127
stop
59,189
60,188
63,185
61,185
stop
59,217
60,216
63,213
66,212
69,212
71,215
74,213
77,212
80,211
83,210
86,210
89,209
92,210
95,211
92,212
stop
60,234
59,234
62,236
63,233
stop
61,89
62,90
65,90
stop
61,95
62,95
65,95
68,96
71,96
74,95
73,93
70,91
stop
61,206
62,205
65,204
68,203
71,205
stop
62,89
63,90
66,89
stop
62,170
63,171
64,171
stop
62,195
63,194
66,193
69,194
68,191
stop
62,219
63,218
64,215
stop
63,221
64,220
67,220
70,221
stop
64,183
65,183
68,184
71,183
74,183
stop
64,206
65,205
68,205
stop
64,236
65,236
68,238
71,240
74,240
stop
65,100
66,101
69,101
72,103
73,106
stop
65,102
66,103
67,105
stop
65,160
66,159
67,162
stop
65,217
66,217
68,214
stop
65,234
66,234
69,233
72,230
75,230
stop
65,241
66,242
69,242
stop
65,256
66,255
66,252
67,249
69,246
72,243
stop
66,95
67,95
70,95
71,93
stop
66,130
67,129
70,128
stop
66,132
67,133
70,133
72,132
75,132
stop
66,142
67,142
69,145
stop
67,87
68,86
68,84
stop
67,99
68,98
71,99
stop
69,46
70,47
70,46
stop
69,209
70,209
73,209
76,208
77,205
79,205
stop
70,160
71,160
72,160
stop
70,219
71,218
74,215
77,214
stop
70,258
71,259
74,259
77,260
78,263
75,262
stop
71,78
72,77
75,77
78,77
81,79
84,82
87,85
90,86
92,87
stop
71,80
72,79
74,78
stop
71,84
72,83
72,80
stop
71,89
72,89
75,88
stop
71,142
72,141
75,143
78,143
79,146
stop
71,223
72,224
75,225
78,224
81,225
84,227
stop
72,116
73,117
76,118
78,117
80,114
83,113
86,113
89,112
92,111
95,112
97,110
stop
72,166
73,165
74,165
stop
73,47
74,48
73,48
stop
73,98
74,98
77,96
stop
74,140
75,139
76,141
stop
74,238
75,239
78,240
81,239
84,238
stop
75,100
76,101
79,102
stop
75,107
76,106
79,106
82,108
83,107
stop
75,109
76,110
79,113
77,115
stop
75,111
76,112
75,115
75,112
stop
76,91
77,92
80,95
83,97
85,99
88,101
91,100
94,99
stop
76,192
77,191
79,188
78,185
78,182
77,179
77,176
78,173
78,170
77,167
78,164
78,161
78,158
78,155
78,152
stop
76,209
77,209
79,209
stop
77,77
78,78
81,81
83,84
stop
77,86
78,87
79,86
stop
77,157
77,158
77,161
77,164
stop
77,170
77,171
77,174
stop
77,180
77,181
77,184
77,187
80,190
83,189
86,190
89,191
87,193
84,193
stop
77,278
78,277
81,277
79,280
77,281
stop
78,107
79,108
80,110
stop
78,120
79,121
82,124
85,126
87,126
89,125
stop
78,230
79,229
81,229
84,230
87,229
90,226
93,225
96,224
99,224
102,223
99,225
stop
78,232
79,233
81,236
stop
78,260
79,259
82,260
85,258
88,257
91,256
94,254
97,253
100,253
102,251
stop
79,91
80,90
83,89
stop
79,93
80,94
83,93
86,94
89,96
91,99
stop
80,96
81,97
82,100
85,102
87,104
stop
80,118
81,119
84,120
87,122
90,121
93,121
93,122
stop
80,119
81,118
84,118
87,120
90,119
93,117
96,116
98,113
stop
80,137
81,136
84,136
stop
80,198
81,197
84,198
87,198
90,197
93,195
95,194
94,192
stop
80,206
81,206
84,208
86,206
89,204
92,204
95,204
98,201
stop
80,214
80,215
81,218
stop
81,212
82,211
85,211
stop
81,230
82,231
85,231
88,229
91,229
94,227
stop
81,256
82,256
84,257
83,256
stop
82,77
83,78
84,76
87,76
90,74
93,73
96,71
99,71
102,71
105,71
108,69
111,67
stop
82,111
83,110
86,110
89,109
92,107
94,109
97,107
100,106
102,103
100,100
101,97
102,94
104,93
107,92
stop
82,125
83,126
83,128
stop
82,130
83,131
86,132
89,132
stop
82,138
83,139
86,139
87,142
87,145
89,148
92,150
95,147
92,147
stop
82,173
83,172
86,172
89,172
stop
82,183
83,183
86,184
stop
82,251
83,251
86,250
stop
83,80
84,81
87,81
90,83
stop
83,165
84,165
87,167
90,168
stop
83,206
84,206
85,204
stop
83,242
84,241
87,243
90,241
92,241
stop
86,90
87,89
88,89
91,92
91,94
94,96
stop
86,91
87,92
90,94
stop
86,219
86,220
89,222
92,222
stop
86,270
87,269
90,267
88,264
91,262
94,260
97,258
100,255
stop
87,114
88,115
91,116
94,113
95,116
stop
87,134
88,134
91,134
94,135
97,134
100,134
stop
87,207
88,206
91,207
94,205
stop
87,234
88,233
90,231
stop
88,78
89,79
92,80
93,77
96,78
99,75
101,78
104,76
106,73
stop
88,153
89,154
89,157
stop
88,189
89,188
90,185
90,182
90,179
92,178
stop
88,219
89,219
92,218
95,217
98,216
99,213
102,211
101,209
98,209
stop
88,271
89,270
92,271
95,271
98,270
101,268
104,266
107,264
110,262
113,261
116,260
119,259
122,258
125,256
125,254
stop
89,104
90,103
93,103
96,101
98,99
100,98
stop
89,128
90,129
93,129
95,128
92,126
91,128
stop
90,23
91,22
91,25
94,27
91,28
stop
90,106
91,105
94,103
97,102
98,102
stop
90,189
91,190
94,190
96,189
93,189
90,190
stop
91,156
92,157
95,159
97,162
98,164
99,167
98,170
98,173
98,176
98,179
99,182
99,185
99,188
102,187
105,189
stop
91,174
92,173
94,171
stop
91,199
92,199
95,196
stop
92,32
93,31
95,31
93,33
stop
92,85
93,85
96,84
96,81
94,81
95,83
stop
92,89
93,90
96,92
96,94
98,96
100,94
stop
92,169
93,168
95,165
94,164
stop
92,219
93,219
96,218
99,218
102,216
105,215
106,212
109,212
112,211
115,211
118,211
121,211
stop
93,89
94,88
97,87
stop
93,144
94,144
97,144
100,146
101,144
104,143
107,142
106,145
104,148
101,150
98,151
97,150
97,148
100,148
stop
93,228
94,229
97,230
99,230
101,229
stop
94,119
95,118
97,118
100,121
103,124
102,127
stop
94,141
95,141
98,139
101,142
stop
94,161
95,160
96,157
stop
94,201
95,200
98,198
101,197
104,198
107,198
110,199
111,200
114,200
117,199
120,199
123,197
126,196
129,194
131,194
133,196
132,198
130,196
stop
94,213
95,214
94,215
stop
94,236
95,236
98,236
stop
95,228
96,227
99,227
102,227
105,227
108,227
107,225
stop
95,239
96,238
97,240
stop
96,243
97,242
100,243
101,246
stop
97,16
98,17
97,17
stop
97,119
98,120
99,123
stop
97,123
98,122
99,125
stop
98,83
99,84
102,86
105,84
105,83
stop
98,157
99,156
100,159
103,162
104,165
104,168
106,171
107,174
106,177
106,180
108,183
107,184
104,184
105,181
102,183
stop
98,189
99,190
98,193
stop
99,87
100,87
103,89
105,91
stop
99,106
100,107
103,108
106,110
109,112
109,115
112,118
115,120
118,121
120,123
122,126
123,125
stop
99,198
100,199
103,201
106,202
109,204
110,206
113,206
116,207
119,208
122,208
125,209
128,209
131,209
134,209
137,210
140,210
143,210
146,210
149,212
151,214
153,212
156,214
stop
99,220
100,221
102,219
105,216
107,216
104,216
stop
99,233
100,233
103,234
106,235
109,232
111,229
114,228
116,229
119,229
122,228
125,228
128,227
131,227
134,227
stop
100,83
101,82
102,82
stop
101,19
102,20
101,20
stop
101,113
102,114
103,117
105,120
108,123
111,125
114,125
stop
101,193
102,192
103,189
stop
101,271
102,270
103,272
stop
102,11
103,10
104,13
102,14
stop
102,158
103,158
106,157
stop
103,78
104,79
107,76
108,73
110,70
113,69
stop
103,79
104,78
107,78
stop
103,96
104,97
107,98
108,101
109,103
stop
103,98
104,99
106,102
107,105
106,107
105,109
stop
103,112
104,111
106,113
109,116
110,119
112,122
stop
104,104
105,105
104,105
stop
104,195
105,196
108,195
111,195
stop
104,242
105,243
108,242
110,241
stop
104,250
105,251
107,253
110,252
113,250
stop
105,95
106,94
109,94
112,92
113,89
stop
105,164
106,163
109,164
112,166
114,169
116,172
116,175
117,178
117,181
stop
105,221
106,222
109,222
109,219
stop
106,75
107,75
110,76
113,76
116,77
118,79
118,82
121,82
124,82
124,79
stop
106,153
107,152
107,153
stop
106,250
107,249
110,248
113,247
stop
107,81
108,82
110,85
113,87
115,85
118,86
stop
107,86
107,85
110,87
stop
107,120
108,120
110,123
stop
108,148
109,147
111,144
114,144
114,141
116,139
119,139
122,138
124,136
127,133
129,131
132,132
135,130
138,128
141,128
143,129
146,131
149,130
stop
108,156
109,155
112,153
stop
108,178
109,179
108,181
stop
108,192
109,192
112,190
114,188
116,190
119,189
121,187
123,184
123,181
stop
109,80
110,80
113,79
stop
109,89
110,90
109,91
stop
109,109
110,110
113,111
116,113
119,116
122,116
124,119
127,121
129,124
132,125
135,126
134,125
132,123
135,122
134,120
131,120
129,119
126,118
125,115
128,115
131,115
134,116
134,117
stop
109,178
110,177
113,180
114,179
113,176
stop
109,187
110,186
113,186
stop
109,215
110,216
113,217
116,215
119,214
stop
110,105
111,104
111,102
stop
110,143
111,142
113,139
112,136
111,133
113,131
114,128
stop
110,148
111,147
113,146
116,145
117,148
119,151
122,153
125,154
128,154
131,156
134,158
134,161
134,164
134,167
134,170
135,173
135,176
135,179
135,182
stop
110,156
109,157
111,160
112,163
113,166
stop
110,224
111,223
112,220
stop
110,233
111,233
114,232
117,232
120,232
123,231
126,231
stop
111,112
112,111
113,114
116,116
119,118
122,120
122,123
stop
112,80
113,80
116,80
stop
112,94
113,93
115,94
115,91
118,91
stop
112,158
113,158
116,156
118,153
117,151
stop
113,13
114,13
116,16
116,13
stop
113,221
114,222
117,225
120,224
stop
113,223
113,224
115,226
stop
114,56
115,55
118,55
stop
114,59
115,58
114,56
stop
114,64
115,65
118,68
120,69
122,67
stop
114,75
115,76
117,75
stop
114,100
115,99
117,102
118,100
stop
114,101
115,102
114,105
116,108
119,110
121,111
124,112
127,113
stop
114,109
115,110
118,113
stop
115,59
116,60
119,63
122,61
125,60
128,62
128,65
131,65
134,67
136,70
stop
115,68
116,69
116,68
stop
115,158
116,159
116,162
117,165
120,167
121,170
stop
115,200
115,201
118,203
121,203
124,203
127,202
130,202
133,202
136,202
139,202
142,203
145,202
148,202
151,203
154,203
157,202
159,204
162,206
165,206
168,207
171,206
174,206
177,206
178,209
stop
116,95
117,96
119,98
stop
116,104
117,105
119,108
122,108
stop
116,127
117,128
117,131
116,134
stop
116,158
117,157
119,154
stop
116,219
117,219
120,218
123,217
126,215
stop
117,59
118,58
121,55
124,54
125,57
128,57
129,57
stop
117,166
117,167
117,169
stop
117,224
118,224
121,221
124,219
126,216
128,217
stop
118,77
119,77
120,80
stop
118,157
119,157
122,155
stop
118,171
118,172
118,175
120,178
120,181
120,184
stop
118,177
119,178
119,181
119,184
119,187
stop
119,53
120,53
123,51
126,48
129,46
stop
119,72
120,73
123,73
126,72
129,70
132,68
stop
119,192
120,193
120,190
123,188
126,185
125,182
125,179
125,176
stop
119,247
120,248
123,247
stop
120,94
121,93
123,90
121,92
122,95
121,95
stop
120,103
121,104
124,107
127,109
130,110
133,113
136,115
139,117
139,118
stop
122,157
123,158
123,161
123,164
123,167
124,170
124,173
124,176
stop
123,64
124,64
127,64
stop
123,131
124,130
126,133
129,136
126,135
stop
123,145
124,144
127,142
125,141
stop
123,191
124,192
126,194
124,194
stop
123,223
124,222
127,221
130,220
133,218
136,216
133,215
131,213
128,212
125,211
stop
123,225
124,224
127,224
130,224
133,224
136,224
139,222
138,221
135,221
132,220
stop
123,272
124,271
127,268
129,265
132,263
133,266
136,265
136,262
138,261
140,258
142,257
145,255
148,252
147,249
150,248
153,247
156,245
159,243
162,240
165,238
168,238
171,237
stop
124,75
125,75
128,76
stop
124,120
124,121
125,124
128,127
130,129
127,129
127,128
125,127
stop
124,198
125,198
128,197
stop
125,65
126,66
129,67
stop
125,85
126,84
129,83
130,83
133,83
136,82
139,81
142,80
144,80
147,78
150,78
153,77
154,74
154,71
157,69
160,68
158,66
158,67
stop
125,90
126,89
128,86
131,86
134,86
137,84
140,83
143,82
stop
125,94
126,93
129,90
131,87
stop
125,150
126,149
129,148
132,147
stop
125,164
126,165
127,168
127,171
129,174
131,176
132,178
132,181
stop
125,272
126,271
127,273
129,275
132,274
135,272
138,272
141,272
144,274
146,277
149,277
152,278
154,281
157,282
160,280
163,281
166,283
169,282
170,279
167,279
164,278
161,277
158,275
161,273
163,271
166,269
169,267
170,264
173,264
173,267
stop
126,0
127,0
130,0
133,0
136,0
stop
126,53
127,52
129,49
stop
126,286
127,287
130,287
stop
127,101
128,100
128,97
stop
127,102
128,101
128,104
129,107
stop
127,156
128,156
131,155
134,153
136,151
139,149
139,152
stop
127,177
128,176
129,178
stop
127,178
128,179
128,182
stop
127,258
126,259
129,258
132,261
stop
128,60
129,61
131,58
134,58
135,55
138,52
139,52
140,55
143,57
144,59
146,62
149,64
152,63
155,64
stop
128,117
129,117
132,118
stop
128,134
129,134
132,135
135,135
138,135
141,136
144,135
147,135
150,134
153,134
156,135
159,135
162,135
165,137
163,138
160,138
157,138
154,138
151,136
148,137
145,138
142,141
144,143
147,142
150,142
153,142
156,142
159,142
162,142
165,142
166,145
167,148
169,151
172,151
175,153
178,156
181,155
183,157
184,160
185,163
187,166
187,163
186,162
187,159
190,158
193,159
196,161
198,164
200,167
202,170
203,173
202,175
203,177
205,180
stop
128,189
129,188
132,187
135,187
138,187
138,189
stop
128,221
129,222
132,222
stop
129,149
130,150
131,150
stop
129,231
130,230
133,231
134,232
stop
130,70
131,71
133,71
132,70
stop
130,78
131,77
134,76
136,73
138,70
141,68
144,67
147,65
150,66
153,65
stop
130,79
130,78
133,78
135,79
138,78
141,77
stop
130,90
131,91
133,92
132,95
132,98
132,101
133,104
135,107
138,109
141,111
144,112
147,112
150,114
153,113
156,115
159,115
162,116
165,117
168,118
171,119
174,120
177,122
180,125
183,125
186,126
189,127
stop
130,146
131,145
134,143
135,140
stop
130,256
131,256
134,258
137,258
stop
131,47
132,48
135,46
138,45
138,42
139,39
140,36
143,34
146,34
149,34
stop
131,60
132,61
135,63
stop
132,51
133,52
136,52
135,50
138,48
stop
132,106
133,107
135,110
138,111
stop
132,127
133,127
136,128
stop
132,287
133,287
136,287
139,287
142,287
145,287
148,285
150,283
153,284
156,286
stop
133,45
134,44
136,41
stop
133,159
133,160
133,163
stop
134,61
135,60
138,58
141,58
143,60
146,63
149,60
152,58
155,58
156,55
159,54
162,54
163,51
164,48
167,49
170,52
stop
134,147
135,146
138,146
140,144
139,141
137,142
stop
134,155
134,156
137,158
stop
135,87
136,87
139,86
142,86
145,85
148,83
151,81
154,82
155,79
155,76
156,73
157,70
stop
135,132
136,133
138,133
135,133
stop
135,153
136,152
139,155
142,156
144,159
147,161
150,160
150,161
153,159
155,161
158,163
161,163
163,162
166,161
169,160
172,159
175,158
178,160
181,162
183,165
184,168
184,171
184,172
stop
135,241
136,242
137,241
135,242
stop
135,249
136,250
138,247
140,248
stop
136,103
137,102
140,103
141,100
141,97
143,98
143,101
145,102
146,99
146,96
146,93
147,90
147,87
stop
136,130
137,130
140,129
stop
136,156
137,155
139,157
142,160
143,163
143,166
143,169
143,172
144,175
145,178
145,181
148,181
151,181
154,181
154,184
stop
136,217
137,217
140,217
142,220
145,221
stop
136,225
137,226
140,227
143,227
146,226
149,226
151,223
154,221
156,220
153,220
151,221
148,221
148,218
151,217
154,217
stop
136,227
137,227
140,229
137,230
stop
137,114
138,115
141,116
stop
138,64
139,64
142,62
140,59
stop
138,225
139,225
142,223
143,225
stop
138,265
139,264
140,261
stop
139,0
140,0
143,0
146,0
149,0
152,0
155,0
156,0
stop
139,36
140,37
143,39
146,39
149,39
150,42
152,43
154,46
157,47
160,49
161,52
stop
139,197
140,197
142,200
145,200
147,198
149,197
152,195
154,192
157,189
158,186
159,183
161,181
stop
140,48
141,47
144,47
stop
140,66
141,65
143,65
stop
140,70
141,69
144,69
147,69
150,69
153,68
stop
140,110
141,109
144,109
146,107
146,104
149,101
149,98
149,95
149,92
150,89
150,86
150,83
stop
140,214
141,213
144,213
145,216
stop
140,266
141,265
144,262
147,262
150,262
153,262
156,260
158,257
161,255
163,252
163,249
165,246
168,246
170,248
168,251
stop
141,40
142,41
144,44
141,44
stop
141,50
142,51
145,53
145,56
stop
141,74
142,73
144,70
146,73
149,70
152,70
stop
141,75
141,74
144,74
stop
141,113
142,114
145,116
147,119
stop
141,176
142,175
142,172
stop
141,185
142,184
144,181
stop
141,187
142,186
144,184
stop
141,188
142,187
143,189
141,192
stop
141,197
142,197
145,196
148,195
147,192
150,189
153,189
154,189
stop
142,174
143,175
143,178
142,181
stop
142,176
141,176
142,179
stop
142,217
143,217
146,219
stop
142,252
143,253
146,253
stop
142,259
143,258
146,258
149,257
152,256
155,255
158,253
158,250
161,248
162,245
stop
143,241
144,240
147,237
149,235
148,237
stop
144,38
145,37
148,36
151,36
151,38
154,40
156,43
159,44
162,46
162,49
stop
144,51
145,50
148,50
stop
144,124
145,124
148,124
stop
144,157
145,157
148,159
stop
144,186
145,185
148,185
stop
144,230
145,231
148,228
stop
145,128
146,128
149,128
152,125
155,124
158,125
stop
146,44
147,43
148,44
stop
146,109
147,110
150,110
152,109
155,109
157,106
160,104
160,101
159,98
161,95
162,92
160,90
160,93
stop
146,204
147,205
150,207
153,207
156,207
159,206
stop
147,47
148,46
150,47
152,49
154,47
152,46
stop
147,53
148,54
151,56
154,57
154,54
156,51
157,48
stop
147,104
148,104
150,103
152,105
155,105
157,104
stop
147,168
148,167
148,168
stop
147,173
148,172
148,170
150,172
153,171
156,172
159,172
161,169
163,170
166,170
169,170
168,169
stop
147,189
148,188
151,185
153,186
stop
147,231
148,231
151,229
stop
148,75
149,74
150,72
stop
148,156
149,155
152,153
155,150
157,148
160,148
162,149
164,152
166,155
169,158
170,156
stop
149,85
149,86
149,89
stop
149,105
150,106
151,109
stop
149,205
150,205
153,206
156,205
stop
149,253
150,253
153,252
156,252
156,249
155,250
stop
149,286
150,285
153,286
154,287
stop
150,128
151,128
154,128
stop
150,156
151,155
154,156
stop
150,200
151,199
154,199
157,198
160,197
161,199
162,196
165,193
167,193
170,193
173,194
176,193
177,190
180,189
183,188
186,185
187,182
186,179
186,176
184,177
182,176
180,177
stop
150,232
151,231
154,231
157,230
160,229
162,226
164,225
167,226
170,225
173,226
176,224
179,225
stop
151,226
152,226
155,225
158,223
160,225
159,227
157,227
155,229
stop
152,84
153,84
155,87
156,90
156,93
156,96
156,99
156,102
stop
152,92
152,93
154,95
155,98
stop
152,123
153,123
156,122
stop
152,224
153,223
156,222
153,224
stop
153,35
154,36
157,38
160,39
163,41
166,44
169,44
172,43
175,43
178,43
181,41
184,43
187,46
190,46
193,46
195,44
197,41
200,42
203,42
205,40
206,38
209,38
212,38
215,37
218,38
221,37
224,38
227,39
230,38
232,41
235,42
238,42
241,44
244,43
247,43
249,40
252,40
255,39
258,39
260,37
263,35
266,33
269,32
272,31
275,31
stop
153,120
154,120
157,120
160,119
163,120
stop
154,62
155,61
156,58
159,60
162,60
stop
154,131
155,130
158,128
stop
154,158
155,157
158,156
158,153
156,152
158,151
161,150
160,152
stop
154,175
155,174
155,175
stop
154,180
155,179
157,178
160,177
163,176
165,173
165,170
163,172
stop
156,45
157,45
159,48
stop
156,62
157,61
157,63
stop
156,110
157,110
160,107
stop
156,113
157,113
160,113
163,114
166,114
stop
156,131
157,132
160,132
163,132
166,134
167,136
170,138
173,139
175,142
178,143
181,144
184,147
187,149
190,151
193,153
196,155
198,156
200,155
stop
157,213
158,213
161,214
164,212
167,211
170,211
173,211
176,210
stop
158,110
159,111
161,109
164,110
stop
158,189
159,189
162,191
stop
158,219
159,220
160,223
stop
158,234
159,233
160,235
stop
159,57
160,57
163,56
stop
159,121
160,121
163,122
165,121
stop
159,158
160,157
160,159
stop
159,257
159,258
162,259
163,262
164,264
167,266
168,264
169,262
171,260
174,261
stop
160,0
161,0
164,0
167,0
stop
160,63
161,62
164,64
167,66
170,68
173,70
176,73
stop
160,81
161,80
163,81
162,83
stop
160,126
161,126
164,126
167,127
170,127
173,128
176,129
179,130
180,133
183,134
186,135
187,135
190,134
193,136
196,137
195,135
stop
160,155
161,155
164,154
165,157
166,159
stop
160,216
161,217
164,217
167,217
170,220
173,219
170,217
stop
161,69
162,69
165,71
168,71
171,73
173,76
175,79
177,81
175,83
172,84
stop
161,187
162,188
165,188
168,188
171,186
stop
161,204
162,203
164,200
167,199
170,197
173,198
176,195
stop
161,221
162,222
165,219
stop
162,101
162,102
164,105
167,106
170,106
173,109
stop
162,182
163,182
166,182
stop
162,256
163,255
165,254
168,255
171,255
174,254
177,252
179,249
178,246
181,243
183,244
180,246
stop
163,243
164,242
167,242
169,244
170,242
stop
164,54
165,53
168,53
stop
164,91
165,90
166,87
stop
164,92
164,91
167,94
168,97
stop
164,176
165,175
168,174
stop
164,227
165,228
168,228
171,229
174,230
177,231
180,231
182,230
185,230
188,231
191,232
194,233
197,233
200,233
203,233
206,235
209,235
212,234
215,232
218,232
221,231
stop
165,56
166,57
169,60
stop
165,63
166,62
167,65
170,67
173,67
stop
165,179
166,179
167,177
stop
165,203
166,204
169,203
stop
165,255
166,256
168,259
stop
166,109
167,108
169,109
170,112
173,115
172,117
stop
166,111
167,112
170,113
173,112
stop
166,123
167,122
170,122
stop
166,129
167,130
170,131
173,131
176,132
179,133
stop
167,89
168,88
170,89
170,90
stop
168,54
169,55
170,58
173,61
176,64
179,65
182,68
185,70
188,71
stop
168,56
169,57
172,55
174,52
177,54
180,55
stop
168,69
169,70
172,72
174,75
stop
168,133
169,134
172,135
175,135
178,136
181,137
184,138
187,138
190,139
193,140
196,140
199,141
202,142
205,141
208,141
211,141
214,140
217,140
220,143
223,144
226,147
228,150
231,153
233,156
236,159
238,162
241,165
244,166
247,168
248,171
249,174
248,177
251,178
253,181
254,184
257,184
255,187
258,188
260,185
263,186
265,185
263,185
stop
168,138
169,139
168,140
stop
168,180
169,179
171,176
stop
168,214
169,215
170,213
stop
168,287
169,287
172,287
175,287
178,287
181,287
184,287
187,287
190,287
193,287
196,287
199,287
202,287
205,287
208,287
stop
169,63
170,63
173,66
176,67
179,68
stop
170,0
171,0
174,0
stop
170,170
171,171
174,172
stop
170,181
171,182
173,181
stop
171,127
172,126
175,123
173,123
stop
171,149
172,148
175,146
stop
171,203
172,203
175,200
178,199
181,197
183,196
stop
171,222
172,223
175,220
175,217
stop
172,153
172,154
175,156
stop
172,240
173,239
176,242
173,241
stop
172,245
173,246
176,247
177,245
179,242
178,241
stop
173,56
174,57
173,60
stop
173,92
174,93
176,96
176,99
stop
173,94
174,95
174,98
174,101
174,104
stop
173,126
174,125
177,125
180,127
183,127
stop
173,149
174,148
177,150
180,150
183,152
186,154
187,156
186,159
stop
173,170
174,169
177,169
180,169
181,170
182,172
stop
173,189
174,188
175,188
174,190
stop
173,203
174,203
177,204
stop
174,139
175,139
178,141
181,141
184,143
187,145
190,145
193,147
195,150
198,153
196,154
197,151
198,149
201,151
204,153
207,154
210,155
213,158
216,157
219,157
220,156
stop
174,250
175,250
174,251
stop
175,56
176,57
179,59
stop
175,60
176,61
179,63
stop
175,77
176,76
179,78
180,80
183,83
186,84
188,85
stop
175,119
176,118
179,119
180,122
183,123
186,124
stop
175,126
176,126
179,128
stop
176,69
177,70
179,73
182,76
184,79
187,79
190,81
193,82
196,83
199,84
stop
176,139
177,138
180,140
183,141
186,142
188,140
stop
176,149
177,149
180,147
177,146
stop
176,181
177,181
180,180
183,181
185,183
stop
176,182
177,183
180,185
180,187
177,185
stop
176,258
177,257
179,254
179,251
182,249
184,248
187,246
186,247
stop
177,105
177,106
178,109
stop
177,217
178,217
181,217
183,215
186,214
189,213
192,214
195,212
198,211
201,211
202,208
204,211
206,209
208,208
211,208
214,207
217,205
220,204
223,202
226,202
229,199
232,198
stop
177,260
177,259
180,260
182,257
185,259
185,262
185,265
184,267
182,270
179,270
178,268
178,265
178,262
stop
178,203
179,202
182,199
184,202
stop
179,105
180,104
180,107
182,110
183,113
186,115
189,118
stop
179,111
180,112
181,115
183,118
186,120
stop
179,227
180,227
183,226
185,223
188,221
191,222
193,221
196,222
stop
180,37
181,36
184,35
184,38
183,41
stop
180,47
181,47
183,44
stop
180,71
181,72
182,70
stop
180,183
181,184
184,185
182,182
stop
180,202
181,203
183,206
186,208
189,209
192,210
stop
180,233
181,233
184,233
187,233
stop
180,251
181,251
184,250
187,249
188,251
190,250
193,247
195,244
stop
181,63
182,62
184,60
187,58
190,56
stop
182,47
183,48
186,46
stop
182,63
183,64
186,66
stop
182,74
183,74
186,76
187,76
stop
182,92
183,93
184,96
187,97
190,97
191,99
193,102
193,105
193,108
193,111
194,114
196,117
197,120
197,123
199,125
202,125
205,124
208,124
211,123
214,123
217,122
220,122
223,122
226,121
229,121
232,120
235,120
238,119
241,119
244,119
247,118
250,118
253,116
254,119
254,122
255,125
258,127
261,128
264,128
267,130
270,130
273,131
276,133
279,133
282,132
285,134
285,137
286,140
284,142
284,139
284,136
282,135
stop
182,153
183,154
186,156
stop
182,164
182,165
183,167
stop
182,252
183,253
185,256
187,257
stop
183,132
184,132
187,131
190,132
stop
183,205
184,205
187,204
189,203
192,203
195,203
198,203
196,204
stop
183,276
184,275
187,275
184,277
stop
184,63
185,64
188,65
191,68
194,69
197,70
200,70
203,71
stop
185,146
186,147
189,148
stop
185,189
186,188
189,188
192,186
195,188
198,187
198,189
195,192
198,194
201,195
204,196
207,196
210,197
213,196
214,198
217,198
stop
185,191
186,190
188,190
191,189
194,189
stop
185,195
186,195
189,192
192,192
194,192
stop
185,196
186,197
189,199
192,199
195,200
198,199
201,200
204,200
207,201
210,201
213,200
stop
185,211
186,210
189,210
stop
185,216
186,215
188,218
stop
185,253
186,254
189,254
192,254
195,253
197,250
198,248
201,247
204,248
207,249
208,252
205,253
203,254
200,255
198,255
stop
186,41
187,40
190,38
193,38
195,41
stop
186,60
187,61
190,62
192,65
195,66
198,67
201,68
stop
186,68
187,68
190,69
stop
186,92
187,91
190,91
191,88
193,85
196,85
199,86
202,86
205,86
208,85
211,84
214,84
217,82
220,83
223,81
226,81
229,80
230,77
228,77
stop
187,43
188,44
190,41
193,43
stop
187,112
188,111
191,111
stop
187,113
188,114
190,115
stop
187,168
187,169
188,172
189,175
stop
187,185
188,184
191,182
194,182
197,183
196,186
stop
187,206
188,206
191,207
194,207
197,208
196,209
stop
188,88
189,89
191,87
stop
188,260
189,259
190,257
stop
188,263
189,264
189,267
192,267
195,268
193,271
194,274
197,275
200,275
203,276
206,277
209,277
212,280
215,280
218,280
221,279
224,280
227,281
230,283
233,285
236,286
stop
189,58
190,59
191,59
stop
189,123
190,122
193,125
196,126
199,128
201,130
202,128
204,130
207,129
210,129
213,130
stop
189,162
190,161
191,163
189,165
stop
189,214
190,215
191,218
stop
190,118
191,118
193,115
193,112
stop
190,171
191,172
193,174
stop
190,226
191,225
193,225
stop
190,227
191,228
193,230
196,229
199,229
202,229
205,229
208,229
211,229
214,230
216,230
218,231
stop
191,74
192,75
192,78
stop
191,127
192,127
195,128
stop
191,141
192,142
195,143
stop
191,171
192,170
193,167
192,167
stop
191,177
192,178
195,179
198,180
201,181
201,183
200,181
stop
191,259
192,260
195,259
196,259
196,261
196,264
197,267
199,268
202,267
205,267
208,269
207,272
209,274
212,276
215,276
218,278
stop
192,63
193,62
196,61
199,60
202,60
205,57
stop
192,102
193,101
195,98
198,98
201,99
203,100
206,100
207,97
208,94
208,91
210,89
211,92
212,95
214,98
215,95
217,94
220,91
223,89
226,87
229,86
232,85
235,83
238,82
241,82
244,81
247,80
250,79
253,80
256,77
258,79
259,82
259,85
258,88
259,91
261,92
262,89
262,86
262,83
262,80
263,77
265,74
268,72
271,72
274,71
277,71
280,72
283,73
286,74
289,75
292,76
295,78
298,78
301,79
302,82
305,84
308,85
311,87
314,89
317,91
320,92
322,90
319,87
322,85
323,86
326,88
329,90
332,91
335,90
stop
193,73
194,74
197,77
200,80
199,80
202,79
202,78
stop
193,90
194,90
196,87
stop
193,121
194,122
195,125
stop
193,161
194,162
196,163
stop
193,171
194,170
196,167
stop
193,172
194,171
197,168
stop
193,196
194,195
197,195
stop
193,249
194,250
196,253
199,253
202,251
201,249
198,252
stop
194,178
195,178
198,178
stop
195,109
196,110
196,113
197,116
196,119
stop
195,175
196,176
199,176
stop
195,280
196,279
198,278
197,281
stop
196,99
196,100
196,103
stop
196,172
197,171
197,172
stop
198,99
199,100
199,103
stop
198,103
199,104
199,107
201,110
204,110
207,113
208,116
211,119
214,119
214,116
214,114
213,116
stop
198,205
199,205
202,205
205,203
stop
198,258
199,259
199,262
201,265
stop
199,113
200,113
199,116
199,119
200,122
stop
199,132
200,132
203,133
206,135
209,135
stop
199,162
200,163
202,165
199,167
stop
199,216
200,217
201,220
stop
200,76
201,75
204,73
stop
200,144
201,143
202,145
stop
200,157
201,158
204,161
205,164
208,164
211,166
213,167
216,170
217,173
217,176
218,179
221,182
224,182
227,183
230,183
stop
200,213
201,214
202,212
stop
201,53
202,54
205,55
stop
201,109
202,108
203,105
206,104
209,103
207,100
stop
201,185
202,186
201,189
203,191
stop
201,259
202,260
205,259
208,257
210,256
210,253
212,250
215,251
218,249
221,248
stop
202,61
203,60
205,61
stop
202,112
203,113
204,116
204,119
205,122
stop
202,223
203,223
206,224
209,224
211,222
208,222
205,223
stop
202,243
203,242
204,239
207,238
stop
203,66
204,66
206,67
209,69
212,69
215,67
218,68
220,65
222,68
224,69
227,71
228,71
231,70
stop
203,138
204,139
205,138
stop
203,157
204,157
206,157
stop
203,189
204,189
207,187
206,188
stop
203,194
204,194
207,192
210,190
212,187
stop
203,215
204,215
206,216
208,213
stop
204,53
205,53
208,52
210,54
213,55
212,58
213,61
214,63
217,62
217,65
stop
204,69
205,70
207,69
209,66
209,64
stop
204,165
205,166
207,169
207,172
207,175
208,178
209,180
211,183
213,185
stop
204,170
205,169
206,171
206,174
stop
204,244
205,243
205,246
208,246
211,249
214,246
216,245
stop
205,76
205,77
208,80
210,77
213,78
216,79
219,79
222,79
stop
205,198
206,197
209,195
212,195
stop
205,215
206,214
206,212
stop
206,51
207,52
208,55
207,55
stop
206,72
207,73
210,73
213,74
215,77
217,76
stop
206,120
207,119
207,116
stop
206,260
207,260
210,259
stop
207,74
208,75
211,76
stop
207,106
207,107
207,110
209,111
212,111
stop
207,149
208,148
211,148
213,147
212,150
stop
207,243
208,243
211,243
213,246
stop
207,267
208,266
211,264
213,261
216,258
217,255
219,254
218,257
stop
208,163
209,162
212,159
stop
209,161
210,162
213,164
216,162
219,164
221,167
223,170
226,172
228,172
229,169
227,168
228,165
231,166
232,169
235,170
238,172
241,175
241,178
240,181
stop
209,217
210,216
213,213
214,210
stop
209,273
210,272
210,270
stop
210,81
211,81
214,81
stop
210,168
211,169
211,172
212,175
211,178
211,181
stop
210,244
211,245
211,247
stop
210,261
211,261
214,258
stop
211,66
212,66
213,64
stop
211,133
212,133
215,134
218,135
stop
211,190
212,189
215,191
212,192
stop
211,239
212,240
213,238
stop
212,106
213,105
214,102
214,99
stop
212,153
213,152
214,154
stop
212,226
213,227
216,227
219,226
222,223
225,222
228,222
231,221
234,220
237,218
240,217
243,217
245,214
stop
212,272
213,273
216,275
219,275
222,277
224,278
stop
213,71
214,71
216,69
stop
213,106
214,105
214,108
217,109
219,108
stop
213,128
214,128
215,131
218,131
221,132
224,133
227,134
230,136
233,137
236,139
237,142
239,145
240,148
241,151
243,154
243,157
246,160
249,162
252,162
252,165
255,166
257,168
260,171
263,173
263,176
264,179
267,181
270,180
stop
213,181
214,181
217,183
216,185
stop
213,217
214,218
217,219
220,220
stop
213,226
214,225
217,223
218,224
stop
214,267
215,267
218,266
221,266
224,267
226,270
stop
214,286
215,287
218,287
221,287
224,287
227,287
stop
215,53
216,52
219,51
219,53
222,56
225,57
228,60
227,61
225,60
223,60
stop
215,58
216,59
219,57
219,54
216,53
stop
215,111
216,112
218,113
219,116
222,117
225,116
227,116
224,115
stop
215,212
216,213
219,216
222,218
stop
215,220
216,220
219,218
219,219
stop
215,235
216,236
219,237
222,238
225,241
228,240
stop
216,72
217,71
220,69
stop
216,119
217,118
220,118
stop
216,149
217,148
219,151
217,150
stop
216,160
217,161
219,159
stop
216,165
216,166
216,169
stop
216,187
217,187
220,189
223,190
226,190
229,187
228,185
227,188
stop
216,214
217,213
220,213
223,213
225,216
228,217
stop
216,215
217,216
220,214
stop
216,237
217,236
220,234
223,235
226,232
228,230
231,230
234,227
235,224
238,222
237,219
236,222
stop
217,192
218,193
221,193
224,192
stop
217,195
218,194
219,197
stop
217,262
218,262
221,259
222,256
225,256
228,255
stop
218,61
219,60
221,59
stop
218,164
218,165
219,168
221,171
224,174
226,175
229,178
232,180
234,180
232,177
231,175
stop
218,274
219,273
222,274
stop
219,141
220,141
222,141
225,143
228,143
230,146
232,149
235,151
237,154
238,157
240,159
stop
219,182
220,183
221,186
stop
219,239
220,240
223,240
stop
219,262
220,263
222,260
225,258
stop
219,274
220,273
221,276
stop
220,161
221,160
224,163
227,165
224,166
223,164
stop
220,195
221,196
224,197
stop
221,52
222,51
224,50
225,52
stop
221,215
222,215
223,217
224,216
stop
222,83
223,84
226,83
stop
222,136
222,137
225,140
stop
222,180
223,180
226,181
stop
222,188
223,187
225,185
stop
222,195
223,195
226,193
stop
222,204
223,203
225,205
228,204
231,202
234,200
237,201
239,204
242,206
244,208
245,211
248,211
251,210
254,209
257,208
259,208
258,205
260,202
263,203
260,204
stop
222,228
223,229
226,229
stop
222,252
223,252
226,251
stop
223,73
224,72
225,74
stop
223,98
224,97
227,96
stop
223,102
224,101
224,98
stop
223,105
224,104
223,102
stop
223,112
224,111
225,108
223,105
stop
223,128
224,127
225,130
stop
223,237
224,236
227,236
230,236
233,233
236,230
239,228
242,226
243,223
244,220
243,218
stop
224,64
225,64
227,67
230,69
231,67
233,68
236,67
239,68
242,69
243,67
246,67
249,67
stop
224,93
225,92
227,89
229,90
230,93
233,95
233,98
233,101
236,100
stop
224,161
225,162
228,162
225,161
stop
224,211
225,210
227,208
224,206
stop
225,56
226,57
229,57
stop
225,138
226,138
228,137
stop
225,195
226,196
228,197
230,195
233,194
235,191
237,188
238,185
238,182
238,179
stop
225,214
226,213
229,212
232,213
235,213
238,212
241,209
stop
225,226
226,226
229,225
stop
225,263
226,262
229,261
232,261
233,263
234,265
236,265
stop
226,103
227,102
230,99
stop
226,105
227,105
227,103
stop
226,224
227,224
230,222
233,221
233,223
stop
227,63
228,64
231,65
234,64
237,65
stop
227,246
228,247
228,246
stop
227,262
228,262
231,264
231,267
229,269
231,272
232,275
231,274
233,272
236,272
239,272
241,269
stop
227,279
228,278
228,276
stop
228,145
228,146
229,148
231,151
stop
229,107
230,108
231,111
233,114
233,116
230,116
229,114
230,111
stop
229,142
230,143
233,144
stop
229,250
230,250
232,247
235,246
236,243
233,242
232,244
231,245
stop
230,63
231,63
233,62
235,59
238,59
239,59
stop
230,208
231,207
233,205
232,207
231,210
stop
230,217
231,217
234,215
237,215
stop
230,237
231,237
234,237
235,235
237,232
240,231
243,230
246,228
249,228
252,228
251,227
252,225
255,224
258,223
261,221
264,222
267,223
267,225
stop
231,55
232,56
235,58
232,61
stop
231,56
232,55
234,54
237,55
238,56
stop
231,57
232,58
231,55
stop
231,79
232,79
235,76
stop
231,88
232,87
233,89
233,92
stop
231,171
232,172
232,171
stop
231,187
232,186
235,184
236,181
stop
231,250
232,249
235,248
236,251
238,254
241,254
240,252
stop
231,251
232,252
233,251
stop
231,253
232,254
235,255
238,256
stop
231,269
232,269
234,267
stop
232,73
233,74
235,72
238,69
240,72
stop
232,107
233,106
233,103
stop
232,110
233,109
234,106
237,106
240,105
242,103
243,100
242,97
242,94
242,91
242,88
242,85
stop
233,110
232,110
233,113
stop
233,154
234,153
235,155
stop
234,62
235,61
235,63
stop
234,78
235,78
238,77
240,76
242,75
245,74
248,71
251,69
254,66
257,66
stop
234,274
235,275
237,276
238,274
stop
235,279
236,279
239,282
238,283
stop
236,104
237,103
240,101
239,103
stop
236,168
237,167
239,169
241,172
240,175
240,178
stop
236,172
236,173
236,176
stop
236,198
237,197
240,196
242,193
243,191
244,189
243,186
246,185
248,182
247,179
247,176
247,173
247,170
247,167
stop
236,246
237,247
240,250
243,250
246,252
248,250
251,248
254,246
stop
237,115
238,115
241,114
242,111
242,108
243,105
stop
239,67
240,66
243,65
246,64
247,66
stop
239,247
240,248
243,249
246,249
248,248
stop
239,266
240,267
243,264
245,264
247,266
248,269
245,268
244,267
stop
239,287
240,286
243,287
stop
240,61
241,60
244,60
247,59
stop
240,62
241,63
244,63
stop
240,67
241,68
242,66
stop
240,199
241,200
244,197
247,196
248,193
249,190
251,187
252,184
stop
240,211
241,211
244,212
stop
240,218
240,219
242,218
stop
241,54
242,54
245,52
248,50
stop
241,55
242,56
245,57
248,56
250,53
253,52
254,49
257,48
260,47
263,45
266,44
269,41
272,38
273,35
273,33
272,36
stop
241,113
242,114
244,113
247,110
250,108
stop
241,229
242,229
245,227
247,224
250,223
251,220
254,217
251,217
stop
241,261
242,261
243,259
246,259
stop
242,170
243,170
243,167
stop
242,182
243,181
243,180
stop
242,240
243,241
244,238
245,235
247,236
246,238
stop
243,201
244,201
245,202
stop
243,231
244,232
247,232
250,231
253,229
256,228
254,225
stop
243,270
244,271
243,272
stop
244,171
244,172
244,175
stop
245,98
246,99
247,96
248,93
249,90
stop
245,104
246,104
249,103
252,103
254,100
256,97
stop
245,115
246,115
249,115
252,114
253,111
254,108
255,105
257,102
256,100
254,102
254,99
254,96
254,93
254,90
254,87
254,84
254,81
253,82
253,85
253,88
253,91
253,94
253,97
stop
245,149
246,148
249,149
252,149
255,150
257,149
259,147
261,144
264,141
267,140
268,143
271,143
274,142
274,139
271,140
stop
245,154
246,155
249,155
252,155
255,155
258,154
261,154
264,154
266,157
267,160
stop
245,245
246,244
249,242
252,242
255,242
258,242
259,239
256,237
254,238
257,239
stop
246,74
247,74
250,74
253,73
256,71
259,70
262,70
265,70
267,68
269,65
272,63
274,62
277,63
278,66
279,69
282,69
281,66
280,63
282,60
285,59
286,56
289,55
292,56
295,56
298,55
301,53
301,50
stop
247,61
248,62
251,63
254,63
257,63
259,60
260,57
263,54
266,51
268,52
stop
247,201
248,202
251,202
254,202
257,204
255,207
stop
247,204
248,205
251,205
stop
247,246
248,245
251,244
254,243
stop
247,254
248,253
251,255
254,255
257,255
260,255
262,253
265,253
stop
247,285
248,284
251,284
254,283
257,283
260,283
259,285
256,285
253,285
stop
248,256
248,255
251,257
254,259
255,262
256,265
259,264
260,263
263,262
266,262
269,263
stop
249,234
250,233
253,234
stop
249,275
250,275
253,276
251,275
stop
250,61
251,61
253,58
256,58
259,56
262,54
stop
250,197
251,197
254,197
257,194
258,191
stop
250,239
251,239
252,240
stop
251,172
252,172
255,174
257,177
258,180
261,181
264,181
stop
251,173
252,174
255,176
256,179
stop
251,176
252,177
254,177
stop
252,62
253,61
256,61
stop
252,104
253,103
254,105
253,108
252,107
253,104
stop
252,168
252,169
255,171
stop
253,53
254,52
257,51
260,50
262,49
265,49
stop
253,194
254,193
256,190
stop
253,195
254,194
256,193
stop
253,230
254,230
257,232
260,232
263,232
266,231
269,231
272,232
275,234
277,233
276,232
273,232
stop
255,162
256,161
259,160
261,163
262,166
stop
255,165
256,164
258,163
261,164
264,161
stop
255,182
256,182
259,183
stop
255,198
256,198
258,195
261,196
stop
255,201
256,200
258,200
stop
255,218
256,219
258,221
stop
255,219
256,218
258,219
stop
255,268
256,268
259,269
259,272
256,272
255,270
stop
256,106
256,107
259,109
262,110
261,110
261,112
260,114
257,116
stop
256,118
257,119
257,122
258,125
stop
257,166
258,166
259,169
stop
258,118
259,118
262,118
265,119
266,122
stop
258,224
258,225
261,225
264,223
stop
258,235
259,234
262,235
stop
258,287
259,287
262,287
stop
259,93
260,94
261,97
262,100
265,100
267,102
265,102
stop
259,242
260,242
261,242
stop
260,61
261,60
264,58
266,55
stop
260,122
261,123
264,122
262,121
stop
260,173
259,174
262,177
261,180
261,177
stop
260,220
261,219
263,217
264,215
261,214
stop
261,50
261,51
263,51
stop
262,46
263,46
266,46
stop
262,92
263,92
265,95
267,98
268,96
268,93
267,90
267,87
267,84
267,81
268,78
267,75
stop
262,101
262,102
263,105
265,108
267,109
270,111
270,114
273,114
276,117
stop
262,282
263,283
266,284
stop
263,225
264,226
267,229
268,229
270,226
273,224
stop
263,237
264,238
265,240
266,243
stop
263,267
264,268
267,266
270,266
272,264
275,261
276,259
279,258
280,256
282,253
285,251
288,249
288,246
291,247
294,249
294,246
stop
263,277
264,278
267,280
270,281
273,283
276,285
279,285
281,285
284,286
287,286
stop
264,126
265,126
268,127
271,128
274,130
277,131
280,129
283,130
286,132
289,133
291,136
294,137
297,138
300,138
301,141
303,144
305,147
stop
264,175
265,174
268,175
stop
264,208
265,208
267,206
268,203
265,203
265,205
stop
264,211
265,210
268,211
271,211
274,213
277,214
280,214
279,212
stop
264,218
264,219
267,218
270,217
272,219
275,221
stop
264,250
265,250
268,252
268,249
269,249
272,251
273,248
275,245
stop
264,255
265,255
268,257
271,256
274,253
276,253
stop
264,273
265,272
266,274
269,275
272,275
271,277
268,277
265,276
stop
265,63
266,62
268,60
271,60
274,57
stop
265,88
265,89
265,92
stop
265,154
266,154
269,154
272,154
275,154
278,154
281,154
284,154
287,154
290,155
293,157
296,159
297,162
297,165
298,168
stop
265,169
266,169
268,169
270,172
stop
265,197
266,196
266,193
stop
265,233
266,233
265,236
268,238
271,236
274,237
stop
265,266
266,267
269,267
stop
266,105
267,106
269,109
stop
266,106
267,105
270,103
269,103
270,100
273,101
276,102
stop
266,198
265,197
268,198
269,198
271,201
stop
266,258
266,259
268,260
271,259
273,260
stop
267,112
268,113
271,116
273,119
276,121
278,124
280,127
282,126
stop
267,114
268,115
269,118
stop
267,184
268,183
271,182
274,179
273,181
276,183
278,180
277,177
stop
267,256
268,256
271,254
stop
268,55
269,55
272,54
275,54
278,53
281,54
284,54
287,53
stop
268,69
269,69
272,69
275,69
stop
268,158
269,158
272,159
275,160
277,163
280,164
283,167
285,169
286,172
288,175
289,178
290,181
290,184
293,187
293,184
stop
268,164
269,165
272,168
274,171
273,168
270,165
stop
268,208
269,207
272,207
275,206
stop
268,274
269,274
270,271
273,269
276,271
279,271
282,272
285,272
286,269
286,266
289,266
292,265
295,266
294,267
295,269
stop
269,45
270,46
273,44
274,41
274,38
277,38
280,37
281,34
283,33
286,30
stop
269,48
270,48
273,47
stop
270,66
271,65
274,63
stop
270,92
271,92
274,92
277,91
280,90
281,87
281,84
281,81
281,78
282,75
stop
270,125
271,125
274,126
277,127
278,130
stop
270,186
271,185
274,185
277,185
279,182
279,181
stop
270,189
271,190
274,191
277,193
278,195
275,198
272,196
273,193
276,195
275,193
stop
271,106
271,107
273,110
276,112
279,114
277,116
275,114
272,113
stop
271,127
272,128
275,129
stop
271,145
272,146
273,144
stop
271,274
272,274
274,272
stop
271,280
272,281
275,282
277,281
280,280
282,279
285,279
288,276
291,277
294,277
297,278
297,277
300,278
303,276
306,277
303,278
stop
272,48
273,48
276,46
276,43
277,41
stop
273,50
274,51
277,51
279,49
282,48
285,46
288,47
290,46
293,47
294,47
stop
273,66
274,67
276,65
stop
273,189
274,188
275,185
stop
273,203
274,204
277,202
stop
274,162
275,162
276,165
277,165
stop
274,217
275,217
278,216
281,216
284,216
287,214
289,216
stop
274,240
275,240
276,237
stop
274,251
275,250
276,247
stop
275,48
276,47
279,44
282,42
281,39
stop
275,99
276,98
277,95
stop
275,104
276,105
278,107
276,106
stop
275,142
276,143
277,140
277,137
278,134
279,136
279,139
stop
275,189
276,188
279,190
282,191
283,188
285,185
283,186
281,185
281,182
282,179
283,176
282,175
stop
275,228
276,229
279,229
279,227
276,228
stop
276,33
277,34
279,36
stop
276,168
277,169
279,172
280,169
stop
276,189
277,190
280,189
stop
276,241
277,241
280,241
stop
277,120
278,121
281,123
284,125
stop
277,173
278,174
279,177
stop
277,205
278,206
280,203
280,200
stop
277,208
278,209
281,209
283,207
286,205
289,204
292,202
295,201
stop
277,250
278,250
281,249
281,246
284,244
287,244
290,243
293,243
296,244
299,246
301,249
stop
277,267
278,268
281,269
stop
277,268
278,267
281,268
stop
278,30
279,31
282,30
285,28
288,26
291,25
stop
278,46
279,46
282,44
285,44
288,43
291,42
294,39
297,41
300,40
303,39
stop
278,56
279,57
282,58
282,55
279,56
stop
278,102
279,103
282,104
285,105
288,105
291,106
stop
279,28
280,27
283,27
stop
279,113
280,113
282,112
282,109
stop
279,218
280,219
280,218
stop
280,51
281,52
281,51
stop
280,197
281,197
283,194
285,191
286,192
287,195
290,195
292,196
292,199
291,201
289,203
288,200
stop
281,90
281,91
281,94
281,97
281,100
282,103
stop
281,204
282,203
284,200
284,197
282,198
stop
281,226
282,225
285,223
287,223
289,220
291,217
292,219
290,222
287,224
284,225
281,227
stop
282,34
283,34
286,36
288,38
288,35
291,34
289,32
291,31
294,30
297,28
300,25
302,24
stop
282,211
283,211
286,208
287,206
284,208
stop
282,258
283,257
284,254
stop
283,36
284,37
286,40
286,42
stop
283,48
284,49
287,50
290,50
293,49
296,50
299,50
298,47
stop
283,79
284,80
284,83
285,86
288,87
291,89
291,92
290,89
291,86
291,83
stop
283,115
284,115
287,117
290,117
stop
283,119
284,118
285,120
288,122
stop
283,129
284,129
287,129
290,131
293,131
296,132
299,133
302,134
305,134
308,135
311,136
314,136
317,137
320,138
323,138
326,139
329,139
332,140
335,140
338,140
341,141
344,142
347,143
350,144
353,146
356,147
359,148
362,149
365,149
368,149
371,149
372,147
375,146
stop
283,162
284,161
287,164
290,167
291,170
291,173
293,176
294,179
stop
283,168
283,169
284,172
286,174
286,177
288,179
287,182
stop
283,263
283,264
285,265
stop
284,261
285,260
288,258
290,255
stop
285,32
286,33
285,34
stop
288,142
289,143
292,145
295,146
stop
288,271
289,270
291,267
stop
288,273
289,274
291,274
294,272
294,273
stop
289,167
290,166
292,165
295,166
stop
289,261
290,260
293,259
296,260
299,258
302,258
305,256
308,256
311,258
stop
290,43
291,43
294,43
297,42
stop
290,126
291,125
293,122
stop
290,212
291,211
294,209
295,206
298,206
stop
290,249
291,250
294,251
297,254
300,256
stop
290,284
291,283
292,280
292,281
stop
291,143
292,143
295,144
298,147
301,150
stop
291,257
292,256
295,255
296,256
stop
292,126
291,127
294,128
297,127
300,129
303,130
306,130
309,132
312,133
stop
292,213
293,212
296,212
stop
293,26
294,26
296,25
299,25
stop
293,82
294,81
295,83
295,86
295,89
295,92
295,95
294,98
294,101
294,104
stop
293,83
294,84
294,87
stop
293,168
294,169
296,172
296,175
298,178
299,181
301,184
303,187
305,190
308,192
311,193
314,194
317,195
320,196
323,196
326,196
329,196
332,196
335,196
338,196
341,196
344,196
347,196
350,196
353,195
356,195
359,195
362,195
365,197
368,198
371,199
374,200
377,198
stop
293,169
294,168
297,166
stop
293,215
294,216
297,219
299,218
297,216
299,213
302,210
303,207
300,207
298,210
stop
294,109
293,109
296,112
296,115
296,118
294,117
294,114
296,111
296,108
296,105
298,102
297,99
298,96
298,93
299,90
299,87
300,84
301,85
301,88
301,91
301,94
301,96
301,99
300,102
303,104
303,105
302,107
stop
294,123
295,122
298,120
301,121
stop
294,191
295,190
298,190
298,187
296,184
stop
294,282
295,283
297,285
stop
295,44
296,45
299,45
301,43
299,42
stop
295,53
296,53
299,52
stop
295,175
295,176
297,179
298,182
300,185
302,188
305,191
308,194
311,196
314,197
313,199
312,202
315,203
318,205
321,204
324,205
stop
295,194
296,195
299,198
300,201
298,201
stop
296,33
297,32
296,34
stop
296,156
297,156
298,159
stop
296,194
297,193
299,192
302,192
301,189
stop
296,248
296,249
298,252
301,254
stop
297,26
297,27
299,28
stop
297,260
298,261
301,263
303,266
305,269
306,267
stop
297,262
298,262
300,265
301,267
303,269
stop
298,23
299,22
302,21
305,20
308,19
311,19
314,19
317,18
320,20
323,19
326,17
329,17
stop
298,36
299,37
302,34
304,31
306,28
309,28
311,30
314,29
stop
298,57
299,56
302,58
305,59
stop
298,59
299,58
301,59
stop
298,64
299,63
302,64
304,67
307,70
310,73
312,76
314,79
317,81
319,84
stop
298,125
299,124
301,122
stop
299,127
300,128
303,128
306,129
stop
299,176
300,177
302,179
300,178
stop
299,204
300,204
303,205
stop
299,249
299,250
302,252
305,252
308,253
311,255
314,258
317,258
320,256
323,256
326,258
329,259
332,258
335,260
338,259
340,262
343,263
346,264
349,265
348,263
345,262
346,259
349,259
352,258
355,257
356,260
stop
299,279
300,280
303,280
306,280
309,280
310,283
313,286
316,287
319,287
322,287
stop
300,54
301,54
304,53
307,51
310,51
309,51
stop
300,215
301,214
303,211
306,210
308,207
309,204
312,204
stop
301,47
302,46
305,44
308,44
310,41
309,38
312,39
314,36
stop
301,124
302,125
304,127
stop
301,168
302,169
305,170
307,173
306,176
305,179
308,179
309,176
312,175
314,178
stop
301,220
302,219
305,216
308,213
307,211
304,213
304,216
303,214
stop
301,223
302,222
304,219
stop
301,275
302,275
303,272
306,271
309,270
311,271
309,271
stop
302,67
303,68
304,71
305,74
307,71
stop
302,124
303,123
305,121
307,118
306,115
308,112
309,109
312,107
stop
302,197
303,198
306,198
309,199
stop
302,228
303,227
306,225
307,222
304,221
stop
303,47
304,48
307,49
stop
303,60
304,61
307,64
310,65
312,68
313,71
316,74
316,76
319,79
322,81
323,78
320,81
stop
303,143
304,142
306,139
309,141
306,142
308,145
309,148
310,151
310,154
309,157
312,157
314,160
313,162
313,159
316,158
316,161
318,164
321,165
324,165
327,165
330,164
333,165
335,163
333,160
331,163
329,161
329,158
328,161
327,160
326,157
328,154
331,153
332,152
stop
303,148
304,149
307,150
308,152
307,155
307,158
306,161
307,163
stop
303,152
304,153
305,155
305,158
stop
303,183
304,184
304,186
stop
303,195
304,196
306,195
stop
304,47
305,46
306,44
stop
304,179
305,180
306,183
309,185
312,188
315,191
stop
304,229
305,228
308,225
311,223
314,223
317,223
320,222
323,224
325,222
325,219
326,216
stop
304,263
305,263
306,261
stop
304,264
305,265
308,264
310,262
313,259
stop
304,283
305,283
308,282
309,284
311,287
309,287
stop
305,32
306,32
309,31
312,31
315,34
316,37
317,40
317,39
stop
305,78
306,77
307,80
305,79
stop
305,107
306,106
307,103
307,100
307,97
307,94
307,91
307,88
306,87
306,90
306,93
306,96
306,99
306,102
306,105
308,108
307,111
stop
305,108
306,107
306,109
305,112
305,115
306,118
stop
305,124
306,125
309,126
312,126
315,127
318,128
321,129
324,129
stop
306,26
307,25
308,26
stop
306,170
307,170
310,170
313,170
315,168
315,165
316,162
stop
306,272
307,273
310,276
311,273
308,273
stop
307,56
308,57
311,54
313,56
315,59
318,60
stop
307,59
308,60
311,58
312,58
313,61
314,64
317,66
319,69
319,72
320,75
323,77
stop
307,187
308,188
311,191
stop
307,201
308,200
311,202
stop
307,230
308,230
311,231
308,232
stop
307,275
308,276
310,279
stop
308,46
309,45
312,44
313,46
313,49
316,52
318,55
319,54
318,51
319,49
316,51
316,48
stop
308,73
308,74
310,75
stop
308,120
309,120
312,120
315,119
316,116
317,113
316,110
316,107
316,105
316,102
316,99
316,96
316,93
315,93
stop
308,124
309,125
312,124
311,123
stop
308,127
309,128
312,129
315,131
318,132
stop
308,172
309,172
312,173
315,172
317,175
317,178
317,181
319,184
stop
308,183
309,183
312,184
312,182
stop
308,251
309,250
312,251
315,253
318,253
321,253
324,254
321,255
318,255
stop
309,63
310,63
312,63
stop
309,103
310,104
313,104
stop
310,22
311,23
314,24
stop
310,112
311,113
313,114
313,117
stop
311,93
312,94
312,93
stop
311,208
312,209
315,206
318,206
321,208
321,210
322,212
stop
311,254
312,254
315,254
stop
311,263
312,262
314,261
317,261
320,260
323,259
326,260
stop
313,34
314,34
317,32
319,33
320,35
stop
313,125
314,125
317,125
320,126
322,126
323,123
320,123
stop
314,22
315,22
318,24
321,25
324,25
327,26
325,27
stop
314,67
314,68
315,71
stop
314,180
315,181
317,184
316,184
stop
315,44
316,43
319,44
316,44
stop
315,95
315,96
315,99
315,102
stop
315,109
315,110
316,113
315,116
316,119
316,122
stop
315,201
316,201
319,202
321,199
324,200
327,202
stop
315,208
316,209
315,212
318,212
stop
316,27
317,26
320,27
323,29
321,30
319,30
stop
316,57
317,56
319,57
stop
316,174
317,173
318,170
321,169
324,168
327,168
330,167
333,167
336,167
339,166
342,166
344,164
347,164
350,162
353,161
356,163
359,164
362,164
365,163
368,163
371,162
374,159
375,156
372,154
369,153
366,152
363,152
360,151
357,151
354,149
351,147
stop
317,263
318,262
317,264
stop
317,273
318,272
320,274
322,274
stop
318,96
318,95
321,98
324,99
327,100
stop
318,119
319,118
322,118
324,119
326,120
324,120
stop
318,156
319,155
322,154
324,152
327,153
330,152
stop
318,160
319,159
321,157
stop
318,266
319,267
322,266
325,266
328,266
329,263
332,260
stop
319,114
320,113
323,113
326,113
326,110
325,108
325,105
stop
319,121
319,120
322,121
stop
319,162
320,161
322,160
321,163
stop
319,172
319,173
322,174
322,175
322,172
stop
319,193
320,193
323,193
stop
321,59
322,59
323,62
stop
321,93
322,93
325,93
328,93
331,94
334,95
337,96
340,97
343,98
346,101
349,102
352,101
355,102
358,102
359,101
362,102
365,104
367,103
370,100
373,99
376,98
377,96
374,97
371,97
374,96
stop
322,36
323,37
326,38
324,35
stop
322,43
323,43
326,45
329,45
stop
322,49
323,48
323,45
stop
322,53
323,53
326,51
328,51
331,50
stop
322,56
323,55
326,52
329,53
stop
322,70
323,69
323,66
325,65
326,63
327,60
stop
322,260
322,261
325,264
326,266
stop
323,21
324,22
327,22
329,25
332,28
335,30
stop
323,51
323,50
325,50
stop
323,72
323,71
326,71
326,74
328,77
330,80
330,83
333,86
336,88
stop
323,93
324,94
327,97
329,100
330,103
333,104
336,104
339,103
342,102
344,100
stop
323,132
324,133
327,134
328,137
stop
323,135
324,135
326,136
stop
324,41
325,41
328,40
331,38
stop
324,55
325,56
328,57
stop
324,74
324,75
326,78
328,81
stop
324,126
325,127
328,129
331,131
334,132
337,133
340,134
343,134
346,134
349,135
352,135
355,135
358,134
361,135
364,136
367,138
370,138
stop
324,170
325,171
327,172
327,175
327,178
330,181
331,179
334,179
336,182
337,185
338,183
338,180
337,179
338,176
stop
324,210
325,211
328,213
330,216
333,216
336,217
339,217
stop
325,187
326,188
329,188
330,191
333,191
336,192
339,193
342,193
345,193
348,193
351,193
354,193
353,191
353,188
353,185
356,186
359,186
362,186
stop
325,190
326,191
329,191
stop
325,272
326,271
329,269
332,267
333,264
336,262
stop
325,273
326,274
328,277
330,280
333,282
336,283
339,286
stop
326,41
327,42
330,42
stop
326,126
327,125
329,124
332,124
335,124
338,123
341,124
344,123
347,124
350,124
353,123
stop
326,183
327,184
326,184
stop
326,208
327,207
330,205
stop
326,254
327,253
330,253
333,253
336,253
339,253
341,250
343,248
346,246
345,243
344,245
stop
327,19
327,20
330,23
330,21
329,20
stop
327,66
328,65
331,63
334,62
336,62
stop
327,201
328,200
331,200
334,200
337,202
338,204
339,203
342,203
345,202
346,199
349,200
352,199
355,198
358,198
361,197
364,197
stop
327,208
328,209
331,207
stop
328,37
329,36
332,34
335,32
338,32
341,30
340,27
stop
328,68
329,69
331,71
333,74
333,77
335,80
337,83
340,85
stop
328,97
329,97
332,99
335,101
337,103
334,103
331,103
stop
328,110
329,109
329,106
329,103
stop
328,114
329,113
329,110
stop
328,119
329,118
329,115
stop
328,126
329,125
330,127
333,127
335,130
338,132
stop
328,187
329,187
332,186
329,185
stop
328,210
329,211
332,211
335,211
338,214
338,215
stop
328,214
328,215
330,218
333,220
334,223
337,224
340,223
341,220
344,221
347,223
350,222
stop
328,286
329,286
332,286
335,286
stop
329,59
330,59
331,61
334,61
stop
329,119
328,119
329,122
stop
329,169
330,170
331,173
332,176
330,179
stop
329,271
330,272
332,269
stop
330,32
331,32
334,33
335,36
337,39
338,42
341,42
344,42
346,41
347,44
348,47
350,50
351,53
354,56
357,58
360,60
362,63
365,63
365,66
366,69
369,72
371,69
368,68
stop
330,33
331,34
334,36
stop
330,128
331,129
333,130
stop
331,54
332,55
334,52
333,49
334,46
335,43
334,41
334,43
332,44
333,46
stop
331,82
332,83
335,84
338,85
stop
331,120
332,121
335,121
338,121
341,120
344,120
347,120
350,121
353,121
356,121
358,120
361,117
362,114
362,111
361,108
360,105
363,104
stop
331,121
332,120
335,120
stop
331,246
332,245
333,247
stop
332,92
333,92
336,93
339,93
340,92
337,92
stop
332,97
333,96
336,99
338,101
341,102
stop
332,170
333,170
336,169
338,169
338,172
338,175
337,173
337,170
stop
332,187
333,187
336,187
339,187
342,185
345,182
346,179
346,176
346,174
346,171
346,168
344,169
345,171
342,170
340,169
stop
332,214
333,215
336,214
stop
333,17
334,17
333,20
stop
333,70
334,70
335,67
337,66
338,69
341,70
344,73
342,74
340,74
341,71
stop
334,54
335,54
338,53
339,50
339,47
337,45
stop
334,206
335,207
338,208
stop
335,127
336,127
339,129
342,130
345,130
348,129
351,130
354,131
353,134
stop
335,137
336,136
339,137
stop
335,208
336,209
337,211
stop
335,231
336,230
339,233
342,233
345,233
344,231
341,230
338,231
stop
336,20
337,21
338,24
339,27
337,26
338,23
stop
336,57
337,57
338,54
stop
336,130
337,129
340,128
stop
336,264
337,265
340,267
338,268
337,270
340,271
343,271
346,272
349,271
352,273
354,275
357,277
360,278
363,280
365,283
368,282
370,285
stop
337,34
338,33
341,32
stop
337,36
338,35
341,36
stop
337,78
338,77
341,77
stop
337,247
338,246
339,249
342,252
340,255
stop
338,38
339,39
342,41
342,39
stop
338,64
339,63
342,60
343,57
stop
339,79
340,80
343,79
346,82
349,83
352,84
355,84
358,86
361,87
364,86
stop
340,64
341,63
344,65
stop
340,175
341,174
341,171
stop
340,181
341,180
341,177
340,175
stop
340,258
341,259
344,260
stop
340,266
341,266
344,268
stop
341,67
342,66
344,69
346,70
348,72
351,75
354,77
357,78
stop
341,181
340,181
342,184
stop
341,281
342,280
343,277
346,278
349,279
352,279
355,280
354,282
352,285
352,282
stop
342,49
343,48
344,45
stop
342,50
343,51
345,48
stop
342,83
343,84
344,82
stop
342,87
343,88
345,87
348,86
stop
342,129
343,128
345,128
347,128
stop
342,133
343,132
345,133
stop
342,139
343,140
346,140
349,140
352,140
355,141
stop
343,31
343,32
343,35
344,38
stop
343,186
344,185
344,184
stop
343,255
344,254
347,251
349,248
350,245
353,244
356,244
359,242
362,240
365,241
368,241
370,243
372,245
369,243
366,242
363,244
stop
344,97
345,97
348,100
350,99
353,99
355,101
stop
344,166
345,166
348,167
350,170
349,173
349,176
348,179
348,182
stop
344,208
345,208
348,206
351,208
354,209
357,211
360,211
363,209
364,206
stop
344,210
345,211
348,209
351,209
353,212
352,215
349,216
346,218
349,219
352,220
355,218
358,219
361,216
364,215
367,214
stop
344,215
344,214
347,214
stop
344,220
345,219
345,220
348,221
stop
344,253
345,252
348,255
350,253
353,253
356,253
356,250
359,248
362,249
365,250
368,249
368,246
stop
344,283
345,282
348,283
351,282
stop
345,67
346,66
348,63
350,61
350,64
349,65
349,67
352,69
355,72
358,74
359,77
stop
345,76
346,76
349,79
351,82
stop
345,186
346,185
349,184
352,183
353,180
353,177
353,174
353,171
stop
345,205
346,204
349,201
stop
346,51
345,51
346,54
347,57
348,60
347,59
stop
346,74
347,74
350,75
stop
346,91
347,90
350,89
353,90
stop
347,94
348,95
351,96
stop
348,92
349,93
352,91
355,92
358,93
359,96
362,98
363,101
366,100
369,98
370,96
stop
349,139
350,139
353,137
stop
349,250
350,250
353,249
355,251
stop
350,120
351,120
353,118
356,119
stop
351,143
352,144
355,145
358,146
361,147
364,147
367,148
369,147
stop
351,168
352,169
354,167
356,164
stop
352,92
353,93
355,96
358,97
359,100
stop
352,176
352,177
352,180
stop
352,200
353,201
356,202
359,203
360,206
stop
353,75
354,76
357,76
stop
353,247
354,247
357,248
stop
354,0
355,0
358,0
361,0
364,0
367,0
370,0
373,0
376,0
379,0
382,0
385,0
388,0
391,0
394,0
397,0
400,0
403,0
406,0
409,0
412,0
415,0
418,0
421,0
424,0
427,0
430,0
433,2
436,2
439,5
442,5
444,7
446,10
448,11
450,14
453,16
454,19
455,22
458,24
461,25
463,27
465,26
468,28
471,30
471,33
472,36
473,39
476,41
stop
354,129
355,129
357,126
360,126
362,123
361,120
stop
354,255
355,256
358,255
stop
355,65
356,66
358,69
361,68
363,70
366,71
368,73
365,74
stop
355,66
356,67
354,69
stop
356,81
357,82
359,85
stop
356,82
357,81
360,80
363,81
366,78
stop
356,123
357,123
360,120
stop
356,132
357,132
360,132
stop
357,66
358,66
361,67
364,68
stop
357,130
358,129
361,127
361,124
stop
357,258
358,258
361,258
364,258
367,259
370,260
373,261
376,261
376,264
379,263
382,262
382,259
383,256
386,255
388,252
390,249
391,246
stop
358,88
358,89
360,92
363,92
366,90
stop
358,138
359,138
362,140
362,143
359,144
stop
359,82
360,82
363,83
366,85
368,88
371,89
374,89
377,91
380,93
382,93
381,90
384,90
385,88
383,87
stop
359,240
360,239
363,238
365,236
368,234
371,234
374,233
376,232
377,229
380,226
381,223
381,220
383,217
383,214
380,214
380,211
383,211
386,210
389,207
391,204
390,201
391,198
394,196
397,194
394,192
396,189
398,191
stop
359,253
359,252
362,252
364,253
367,255
370,258
373,259
376,259
stop
360,72
361,71
364,73
361,74
stop
360,129
361,129
364,127
367,129
370,130
372,133
375,133
377,136
379,133
377,132
376,130
374,129
372,130
371,129
stop
360,275
361,274
362,271
363,274
stop
360,285
361,284
364,286
366,285
stop
361,178
361,179
361,182
stop
362,97
363,97
366,95
369,93
372,91
stop
362,133
363,132
365,129
stop
362,277
363,276
364,279
367,278
370,280
370,282
373,283
376,285
379,283
382,282
382,281
385,280
388,279
391,280
394,280
stop
363,77
364,77
365,80
368,82
368,85
stop
363,165
364,166
364,169
364,172
364,175
364,178
365,181
365,184
365,187
365,189
364,187
stop
363,180
364,181
364,184
stop
363,269
364,269
367,269
366,270
stop
364,195
365,195
368,193
371,193
374,190
stop
365,132
366,133
369,133
stop
365,202
366,201
368,200
369,203
371,200
stop
365,209
366,208
369,207
372,207
374,204
377,201
380,201
382,198
385,197
388,196
390,196
stop
365,213
366,212
369,210
372,210
375,209
stop
365,275
366,274
367,275
366,277
stop
366,178
367,179
367,182
368,185
371,185
372,188
stop
366,195
367,195
368,195
371,195
374,193
377,192
380,190
383,189
386,189
389,189
392,187
395,185
stop
367,79
368,79
371,82
374,82
377,83
379,86
380,89
stop
367,175
368,174
368,171
368,168
369,165
stop
367,178
368,177
367,175
stop
368,26
369,25
371,22
stop
368,27
369,28
371,29
372,26
373,24
stop
368,75
369,75
371,73
stop
369,77
370,78
373,81
370,79
stop
369,113
370,114
372,116
375,118
375,121
374,123
377,123
380,123
383,125
386,126
388,128
391,128
394,129
397,130
400,130
403,130
406,132
405,134
402,134
399,135
396,135
393,133
391,135
394,138
397,138
400,137
403,137
405,140
408,141
411,143
414,144
417,145
420,147
423,148
426,147
429,147
432,148
435,148
438,149
441,150
444,149
446,151
444,153
441,154
444,157
447,158
450,158
453,158
456,158
459,158
462,158
465,158
468,157
471,156
474,157
477,157
476,159
473,159
470,159
467,160
464,161
463,164
stop
369,114
370,113
373,113
373,110
375,107
377,104
stop
369,255
370,255
373,254
376,254
379,253
stop
370,236
371,236
372,239
stop
371,135
372,135
373,138
374,141
377,144
378,142
381,143
382,146
384,149
387,150
390,151
391,154
394,155
397,156
399,158
stop
371,227
372,226
374,229
373,230
stop
372,87
373,86
375,87
378,89
stop
372,88
371,87
374,87
stop
372,93
373,93
376,92
stop
372,166
373,165
374,162
376,159
377,156
380,156
383,155
384,152
387,152
388,154
stop
372,167
373,168
376,170
379,169
382,172
384,175
stop
372,172
373,171
374,174
stop
373,73
374,74
377,77
380,77
383,77
stop
373,74
374,75
377,76
stop
373,197
374,198
377,195
380,194
383,193
386,192
389,192
392,192
stop
373,247
374,246
377,246
378,243
381,241
384,242
386,240
388,237
stop
373,274
374,273
376,271
379,271
381,268
stop
373,275
374,276
377,274
380,274
381,271
stop
373,279
374,280
377,282
380,280
383,277
382,274
381,277
stop
373,286
374,287
377,287
380,287
383,287
386,287
389,287
392,287
395,287
398,287
401,287
404,287
407,287
410,287
413,287
416,286
419,284
420,281
421,278
424,277
427,277
430,277
433,276
435,279
438,277
439,274
442,271
443,268
444,270
447,270
450,269
447,267
444,266
441,263
438,260
435,258
432,259
429,257
426,256
423,256
420,256
417,257
415,255
418,252
415,250
416,248
419,246
418,243
417,245
stop
374,78
375,77
376,80
379,82
382,84
384,83
384,82
381,81
381,83
stop
374,103
375,102
378,100
381,99
383,96
stop
374,149
375,150
378,152
381,154
stop
374,206
375,206
378,207
378,204
377,205
stop
375,84
376,85
377,85
stop
375,136
376,137
379,140
382,140
385,143
388,146
391,147
stop
375,250
376,250
378,250
stop
376,138
377,139
377,142
stop
376,162
376,163
378,166
381,167
384,170
387,170
390,171
393,171
396,171
399,172
402,172
402,175
399,174
396,176
393,176
391,175
stop
376,257
377,258
380,260
stop
377,101
378,102
381,101
stop
377,218
378,217
379,219
stop
378,73
379,72
382,73
380,75
stop
378,173
379,172
381,173
382,176
382,179
stop
378,257
379,256
382,256
stop
380,36
380,37
380,40
382,43
stop
380,144
380,145
381,148
380,149
stop
380,168
381,169
384,172
stop
380,206
381,207
384,206
385,203
385,200
stop
381,201
381,202
384,204
stop
382,142
383,143
385,146
388,148
385,148
stop
382,157
383,157
386,155
389,155
392,158
stop
382,252
383,251
385,253
382,253
stop
383,279
384,279
387,277
387,274
385,271
384,268
384,265
387,262
385,260
stop
384,181
385,182
388,183
stop
384,249
385,249
388,249
389,247
390,244
389,242
390,239
stop
385,168
386,168
389,168
392,169
stop
385,224
386,223
389,221
389,223
388,226
388,229
386,232
386,235
385,238
stop
386,173
387,174
389,177
392,179
395,181
stop
386,213
387,212
390,210
stop
386,264
387,265
390,264
393,264
395,262
398,263
401,262
404,262
407,262
407,264
408,267
411,270
414,270
417,271
420,271
stop
387,216
388,215
387,214
stop
388,254
389,253
392,252
393,250
stop
389,278
390,277
393,276
396,277
399,278
402,281
405,283
403,283
400,281
stop
391,153
392,153
395,151
398,152
401,151
402,148
404,145
405,148
stop
391,201
392,200
395,200
stop
391,233
392,234
395,234
398,236
stop
392,157
393,156
396,154
stop
392,168
393,168
396,169
399,169
402,168
405,168
408,170
411,167
414,167
417,167
420,166
423,167
426,166
427,164
430,164
433,164
435,165
438,166
441,164
444,164
447,164
450,162
453,161
456,161
459,161
462,161
stop
392,239
393,240
396,240
397,242
399,245
402,247
404,250
407,253
405,254
403,251
stop
393,145
394,146
394,145
stop
394,188
395,187
397,186
398,188
stop
394,223
395,224
398,224
401,226
404,227
407,228
410,230
413,231
stop
394,229
395,229
398,231
401,232
402,235
stop
395,220
396,221
396,222
stop
395,245
396,246
399,248
399,251
399,254
401,257
404,258
407,258
stop
396,253
397,253
397,250
stop
396,256
397,257
400,259
403,259
stop
397,148
398,148
399,148
stop
397,200
398,200
400,200
403,200
405,198
408,198
411,198
414,199
417,199
420,199
423,197
420,195
417,194
414,194
411,192
408,192
405,190
402,190
400,190
stop
398,154
399,155
402,158
404,157
stop
398,212
399,212
402,210
stop
398,238
399,238
402,240
405,241
stop
399,205
400,206
403,207
stop
399,206
400,207
399,209
stop
399,224
400,223
403,223
405,224
404,225
401,224
stop
400,153
401,152
404,154
405,152
stop
401,45
402,46
405,49
405,48
406,45
403,44
stop
401,186
402,187
405,187
408,187
411,187
414,187
417,188
stop
401,187
402,186
405,186
408,186
411,186
414,186
stop
401,212
402,212
404,215
407,215
410,218
413,218
416,220
419,221
420,223
423,223
426,222
427,221
429,219
432,220
432,219
429,217
426,217
426,216
stop
402,228
402,229
403,232
stop
403,150
404,149
403,151
stop
403,219
404,219
405,221
408,222
411,220
stop
403,237
404,236
405,233
408,233
411,234
414,234
417,235
420,232
stop
403,270
404,269
407,270
410,271
413,272
416,271
stop
403,271
404,272
404,274
407,276
409,279
412,281
415,281
418,283
stop
403,277
404,276
406,278
409,280
411,277
414,276
417,276
418,279
419,279
stop
403,279
404,280
407,280
stop
404,200
405,199
408,199
stop
404,204
405,204
408,205
411,205
414,205
stop
405,52
406,53
408,51
stop
405,237
406,238
409,241
412,243
413,243
414,240
415,237
418,236
418,233
stop
405,250
406,249
408,252
411,252
414,255
stop
407,207
408,207
411,210
stop
408,235
409,235
412,237
410,239
stop
408,250
409,251
411,248
414,248
stop
409,179
410,179
413,180
415,178
418,179
421,180
424,180
427,180
430,180
433,180
436,181
439,181
442,180
445,180
448,180
451,181
454,182
457,182
460,182
463,182
466,182
469,183
472,183
475,182
478,183
481,183
484,183
487,184
490,184
493,184
496,184
499,185
stop
409,207
410,207
413,207
416,208
419,207
420,210
423,212
426,212
429,212
432,211
435,213
stop
409,212
410,213
413,211
416,210
419,211
stop
409,214
409,215
412,216
415,215
418,215
420,217
423,219
stop
410,176
411,176
414,177
417,176
420,176
423,176
426,176
429,176
432,176
435,176
438,176
441,176
444,176
447,176
450,175
453,175
456,175
459,175
462,174
465,174
468,174
471,174
474,175
477,175
480,175
483,175
486,175
489,175
492,175
495,175
498,175
501,174
504,174
507,173
510,173
511,170
511,167
511,164
511,161
511,158
511,155
511,152
511,149
511,146
511,143
511,140
511,137
511,134
511,131
511,128
511,125
511,122
511,119
511,116
511,113
511,110
511,107
511,104
511,101
511,98
511,95
511,92
511,89
511,86
511,83
511,80
511,77
511,74
511,71
511,68
511,65
511,62
511,59
511,56
511,53
511,50
511,47
511,44
511,41
511,38
511,35
511,32
511,29
511,26
511,23
511,20
511,17
511,14
511,11
511,8
510,5
508,3
505,0
502,0
499,0
496,0
493,0
490,0
487,0
484,0
481,0
478,0
475,0
472,0
469,0
466,0
463,0
460,0
457,0
454,0
451,0
448,0
445,0
442,0
439,0
436,0
433,0
stop
411,267
412,267
415,267
418,267
421,269
stop
412,202
413,201
414,203
stop
413,212
414,211
417,211
stop
413,220
414,221
416,224
417,223
stop
413,227
414,228
417,227
420,228
423,229
426,230
427,229
429,228
430,231
432,233
435,233
438,235
441,237
444,239
447,240
stop
413,278
414,277
415,279
stop
414,70
415,71
414,71
stop
417,185
418,186
421,187
424,187
427,188
430,187
433,187
436,187
439,188
442,187
445,188
448,187
451,189
454,188
457,189
459,187
461,189
stop
417,200
417,201
420,202
stop
417,214
418,214
421,214
424,214
stop
419,239
420,240
423,241
426,241
429,242
432,241
434,240
434,239
436,239
439,242
441,245
444,247
447,249
450,251
453,253
456,251
459,251
462,250
464,253
467,254
470,252
473,253
473,250
473,247
470,246
467,245
466,244
469,242
472,243
474,243
473,242
471,242
stop
419,247
420,247
423,247
stop
420,235
421,234
424,233
427,233
430,233
stop
422,75
423,76
425,73
428,72
stop
422,211
423,211
426,210
stop
422,236
423,235
426,236
429,237
432,235
stop
422,280
423,280
426,279
429,279
432,280
435,281
438,282
441,282
444,283
446,286
449,287
stop
424,186
425,186
428,186
stop
424,248
425,249
428,250
431,251
434,251
437,251
440,253
443,255
446,258
449,260
452,261
455,263
458,266
461,268
462,271
465,274
468,276
471,278
470,279
467,278
470,275
470,272
473,273
475,276
478,279
481,281
484,283
487,285
490,286
stop
425,72
426,73
425,75
stop
427,239
428,240
431,239
stop
428,153
429,154
432,155
435,155
438,155
441,155
stop
428,286
429,286
432,287
435,287
438,287
stop
430,154
431,154
434,154
437,154
440,153
stop
430,247
431,247
434,249
stop
431,228
432,228
434,230
stop
431,244
432,245
435,246
438,249
stop
432,267
433,267
436,269
439,271
439,270
439,268
stop
433,158
434,158
437,157
440,157
443,158
446,157
449,156
452,156
stop
433,265
434,265
437,266
stop
435,158
436,158
439,158
442,158
stop
435,244
436,244
439,247
442,248
stop
436,221
437,220
440,219
443,218
443,220
stop
436,229
437,230
440,230
441,233
438,233
stop
437,191
438,191
441,192
444,193
447,193
450,193
stop
438,79
439,78
441,81
443,83
444,85
447,86
450,88
453,89
456,90
459,92
462,94
stop
438,220
438,221
439,223
442,224
445,224
448,225
stop
439,222
440,222
443,223
446,221
449,220
452,221
455,223
458,223
461,223
stop
439,278
440,277
442,275
443,273
stop
440,241
441,242
444,244
447,247
450,249
453,250
455,249
458,249
461,248
464,248
467,250
stop
440,287
441,287
444,287
447,286
stop
441,228
442,227
445,227
stop
441,230
442,229
445,230
445,233
stop
441,279
442,278
445,277
445,279
445,282
448,283
stop
442,235
443,235
446,237
449,238
stop
444,274
445,275
448,274
450,271
453,272
453,275
456,277
457,280
455,279
452,281
450,280
448,279
451,278
454,279
stop
445,217
446,217
449,217
452,217
stop
445,243
446,243
449,243
452,244
455,246
452,246
stop
446,222
447,222
450,223
453,223
456,226
459,227
462,227
460,226
stop
446,256
447,256
450,259
stop
448,186
449,187
452,187
455,187
458,186
stop
449,264
450,263
453,264
454,267
452,268
449,265
stop
450,240
451,239
453,238
456,237
stop
450,241
450,240
453,242
stop
450,275
451,275
452,277
stop
451,211
452,210
455,210
stop
451,225
452,226
455,226
stop
452,232
453,232
456,234
459,234
460,236
stop
453,260
454,259
456,260
459,261
462,262
465,264
465,267
468,269
471,270
474,271
477,270
480,272
483,272
486,273
487,270
485,267
482,269
stop
454,240
455,240
458,242
461,244
464,246
464,245
stop
455,212
456,212
458,210
stop
456,219
457,219
459,222
459,220
stop
456,266
456,267
457,270
459,273
462,275
465,277
stop
457,264
458,265
461,267
464,268
stop
457,286
458,286
461,284
459,281
458,278
stop
458,231
459,231
462,230
465,230
468,232
471,235
473,237
470,239
467,239
stop
459,240
460,239
463,241
465,240
464,237
465,234
465,231
462,231
stop
460,242
461,241
464,239
stop
461,255
462,256
461,256
stop
462,93
463,92
466,92
469,93
472,95
475,95
478,94
479,97
478,100
481,100
484,99
487,101
490,102
492,101
495,101
498,101
501,100
501,103
498,103
497,105
500,107
503,108
506,107
509,106
stop
462,187
463,187
466,187
469,187
472,187
475,188
478,188
481,188
484,188
487,187
490,188
493,188
496,187
499,188
502,188
503,187
stop
464,282
465,281
465,284
stop
465,256
466,257
469,259
471,262
474,261
477,260
480,261
481,264
484,266
stop
466,198
467,198
470,198
473,198
476,198
478,196
481,195
482,192
stop
466,224
467,225
470,228
473,228
476,228
479,229
482,230
485,230
488,230
491,229
494,230
497,232
498,231
stop
466,227
467,226
470,227
473,226
476,223
479,221
482,222
484,223
487,224
490,224
493,224
496,224
499,224
501,223
504,223
507,224
510,224
511,221
511,218
511,215
511,212
511,209
511,206
511,203
511,200
511,197
511,194
511,191
511,188
511,185
511,182
511,179
511,176
511,173
stop
466,260
467,260
468,260
stop
467,234
468,234
471,234
stop
469,221
470,220
472,222
stop
471,191
472,191
475,191
477,192
480,192
stop
471,259
472,258
475,259
478,256
481,257
483,256
484,253
481,251
478,250
478,247
481,246
484,246
487,247
490,247
493,247
496,248
499,248
502,249
505,250
504,251
stop
472,225
473,225
476,227
479,227
482,228
483,226
480,226
478,224
stop
472,230
473,231
475,234
478,235
481,235
480,237
477,236
474,235
stop
472,231
473,230
476,230
477,232
480,232
483,233
486,233
489,233
492,235
495,235
496,233
494,232
492,233
491,232
stop
475,187
476,187
479,187
482,187
stop
475,214
476,214
479,215
478,214
stop
476,39
477,38
480,40
479,43
482,45
485,46
488,46
491,49
493,52
493,55
496,56
498,58
501,59
502,62
505,65
507,68
509,69
stop
477,258
478,257
479,259
stop
478,198
479,198
482,198
485,197
483,196
stop
480,218
481,218
484,218
487,218
490,218
493,219
496,219
499,219
502,220
505,220
508,220
stop
482,214
483,215
486,215
489,216
stop
482,215
483,214
486,214
stop
482,260
483,259
486,262
stop
484,194
485,194
488,192
491,191
490,193
489,195
492,198
495,199
498,199
501,199
504,199
507,199
510,200
stop
485,198
486,199
489,199
stop
487,250
488,251
491,253
492,252
stop
488,278
489,279
492,282
495,283
497,285
500,285
stop
490,259
491,258
494,260
491,261
stop
491,280
492,281
495,279
498,278
501,279
504,280
506,278
504,275
502,273
499,270
496,269
493,268
stop
492,215
493,216
496,216
497,215
494,215
stop
493,218
494,218
497,218
500,219
503,219
506,219
509,217
stop
493,270
494,271
496,274
497,276
500,276
503,277
stop
493,287
494,286
497,287
stop
494,192
495,191
498,192
497,194
494,193
stop
495,257
496,257
498,254
501,251
498,252
stop
496,227
497,226
498,228
stop
498,281
499,282
502,283
501,280
stop
500,213
501,213
504,213
stop
503,286
504,285
507,285
stop
504,117
505,118
504,118
507,118
510,119
stop
505,187
506,187
509,188
509,187
stop
505,265
506,264
509,263
511,261
511,258
509,258
510,255
511,252
511,249
511,246
511,243
511,240
511,237
511,234
511,231
511,228
511,225
stop
506,237
507,237
510,237
stop
506,281
507,282
510,283
511,280
511,277
511,274
511,271
511,268
510,265
stop
507,122
508,122
510,124
510,127
stop
509,166
510,166
510,169
stop
end
